10 0.1030000000000000000028189256484623115284
10 0.01800000000000000000031170812458958252478
10 0.01699999999999999999982381714697110552947
10 0.01699999999999999999982381714697110552947
10 0.01800000000000000000031170812458958252478
10 0.01699999999999999999982381714697110552947
10 0.01800000000000000000031170812458958252478
10 0.01599999999999999999933592616935262853417
10 0.01900000000000000000079959910220805952008
10 0.01699999999999999999982381714697110552947
100 0.02500000000000000000033881317890172013563
100 0.02500000000000000000033881317890172013563
100 0.02299999999999999999936303122366476614502
100 0.02600000000000000000082670415652019713093
100 0.02399999999999999999985092220128324314032
100 0.0269999999999999999996205292396300734481
100 0.02600000000000000000082670415652019713093
100 0.02500000000000000000033881317890172013563
100 0.0269999999999999999996205292396300734481
100 0.02600000000000000000082670415652019713093
1000 0.4550000000000000000119262238973405487741
1000 0.4470000000000000000080230960763927328117
1000 0.4860000000000000000067220534694101274908
1000 0.4439999999999999999997831595655028991132
1000 0.4669999999999999999906758613166246618675
1000 0.4940000000000000000106251812903579434533
1000 0.4690000000000000000052041704279304212832
1000 0.4669999999999999999906758613166246618675
1000 0.4600000000000000000075894152073985310381
1000 0.465000000000000000003252606517456513302

