10 0.1030000000000000000028189256484623115284
10 0.01699999999999999999982381714697110552947
10 0.01800000000000000000031170812458958252478
10 0.01800000000000000000031170812458958252478
10 0.01599999999999999999933592616935262853417
10 0.01800000000000000000031170812458958252478
10 0.01699999999999999999982381714697110552947
10 0.01499999999999999999969506813898845187794
10 0.01800000000000000000031170812458958252478
10 0.01800000000000000000031170812458958252478
100 0.0409999999999999999996747393482543486698
100 0.04400000000000000000113841228110977965571
100 0.04400000000000000000113841228110977965571
100 0.0430000000000000000006505213034913026604
100 0.05000000000000000000067762635780344027125
100 0.04400000000000000000113841228110977965571
100 0.04599999999999999999872606244732953229004
100 0.0420000000000000000001626303258728256651
100 0.04599999999999999999872606244732953229004
100 0.04400000000000000000113841228110977965571
1000 1.49299999999999999996270344526649864747
1000 1.696999999999999999980918041764255121961
1000 1.579000000000000000018214596497756474491
1000 1.533000000000000000036429192995512948983
1000 1.582999999999999999993061106096092771622
1000 1.517000000000000000028622937353617317058
1000 1.596999999999999999959233998314545033281
1000 1.509999999999999999991326382620115964528
1000 1.53900000000000000005290906601729261638
1000 1.478999999999999999996530553048046385811

