10 0.1189999999999999999970726541342891380282
10 0.01699999999999999999982381714697110552947
10 0.01599999999999999999933592616935262853417
10 0.01599999999999999999933592616935262853417
10 0.01699999999999999999982381714697110552947
10 0.01599999999999999999933592616935262853417
10 0.01800000000000000000031170812458958252478
10 0.01699999999999999999982381714697110552947
10 0.01699999999999999999982381714697110552947
10 0.01599999999999999999933592616935262853417
100 0.03399999999999999999964763429394221105895
100 0.03299999999999999999915974331632373406364
100 0.03399999999999999999964763429394221105895
100 0.03199999999999999999867185233870525706834
100 0.03600000000000000000062341624917916504955
100 0.03299999999999999999915974331632373406364
100 0.03399999999999999999964763429394221105895
100 0.03399999999999999999964763429394221105895
100 0.03500000000000000000013552527156068805425
100 0.03399999999999999999964763429394221105895
1000 0.5509999999999999999774485948123015077726
1000 0.5539999999999999999856885313231913414711
1000 0.6330000000000000000039031278209478159624
1000 0.6169999999999999999960968721790521840376
1000 0.5489999999999999999900253400131333592071
1000 0.6020000000000000000091072982488782372457
1000 0.5680000000000000000060715321659188248304
1000 0.5589999999999999999813517226332493237351
1000 0.5589999999999999999813517226332493237351
1000 0.564999999999999999997831595655028991132

