10
0.8572223856047553907 0.16967096432136918112 0.97198021074949146251 0.12201911430472463075 0.19475580443996072923 0.99154617814473324953 0.5818669926051286472 0.9130565961192172829 0.28976624123290605764 0.85712619608295229784 0.90936059952934835039 0.77394516814540568371 0.089286008431308071546 0.046194350089798976214 0.69419864787466446305 0.33940982891046738492 0.84460340721460093217 0.72480549753194537823 0.96259517570481123867 0.012529064530486550488
0.04393092756817108341 0.33482811583965587342 0.55168245356214361795 0.53558088982167674123 0.81391989748856663126 0.74175871755953326985 0.24701918134547269185 0.18050523143546513843 0.0030591965417532055848 0.47701237942015621161 0.88696863622484546869 0.72713201775699705457 0.76755711028628496574 0.064480509495014462127 0.21173073186035618444 0.90949070148299108416 0.14346491135442149121 0.80677174094352602804 0.99317582047617662249 0.082286400986518057831
0.869909778521903076 0.84453577363883149825 0.056939928339125387173 0.74773594592892696963 0.31720956901444325289 0.46510176513774573664 0.15061586021780804434 0.090812479827272754357 0.35737549575025250026 0.75822051460514994171 0.74603008213530959798 0.44995499748151874788 0.31934403519142946407 0.12627650712405452611 0.21866294802087181165 0.062249999769961173195 0.14682252876754535198 0.82703988049491691163 0.93528598098701610982 0.43853176273376620468
0.3181799218874056102 0.012257494255524640852 0.88372927386122816844 0.1623102107078995034 0.51490514698526489742 0.76727867574103035244 0.77576787030355237715 0.99560460736132481996 0.65084768774582776326 0.6207276378903912083 0.69737584171036270161 0.12983076143914733214 0.89915506565125223945 0.18577674700508336775 0.083074904234233463876 0.12766622527291945894 0.4577239746643137534 0.41337292358586852418 0.96242858091334324515 0.62192230058541241554
0.76940625742413462933 0.9191262571232665318 0.41854251926563543451 0.9569794347481424859 0.11554987702734629033 0.35438254892345348075 0.96963702009668125456 0.054694522048953133297 0.29120450660665418729 0.54930694068368219517 0.71859925813739719281 0.45578741269495035737 0.45157362856747533097 0.95606329048008436509 0.51960508598550417394 0.73012820432716616308 0.16146350809760412877 0.31444037952204251685 0.058117255028735018748 0.026434216736186162016
0.85720490177012214586 0.52169995510954243859 0.9938909028365366612 0.43572040108183615479 0.73007283477055494612 0.91023213058734162972 0.65782824550078780531 0.013615390254271508418 4.6716628116527029839e-05 0.88452989963338596817 0.84774338750696308191 0.82383586598087643561 0.3387588148672169551 0.61673194521830092268 0.64694291266053002761 0.94407185425379751845 0.025594668802197844228 0.12826899350489825264 0.59162755081483950261 0.047715315546234835366
0.060406619890375214143 0.79541197070880707262 0.38547312326931968952 0.40159188135226909827 0.43178693326830582281 0.98882628499197808416 0.9360397724118047168 0.7006594071638009495 0.89797320946682353943 0.8030729814492788855 0.15527329409753587615 0.60833395451001488985 0.49940522669935962375 0.94654529693166532608 0.59998240545853302936 0.093484009728035722655 0.78089517730072450943 0.52402873575466829 0.27048564468468714472 0.29898253945058713386
0.22156773490044745869 0.49234711610731945103 0.35378438612912634743 0.79497684150489516733 0.48820789087409867212 0.56571252877529644822 0.37634356545631271744 0.40474978317185106969 0.34602233594657595981 0.94380247276959396347 0.62813806814839757097 0.39436277869303616988 0.37594232103789047383 0.75301491264249068648 0.14126868950253765566 0.59315685492086544866 0.90094671164020693978 0.28851862614688035649 0.76300078435227687373 0.80083011835376983708
0.34568288455430857148 0.31085152813470151535 0.37534373917792720554 0.63013064621043904894 0.32761754621796519162 0.083705139102852527892 0.098387946767795049757 0.67277432494335946662 0.34774319502391756655 0.96481441133808505916 0.18296437315859900049 0.54445404701018292618 0.95094149847305303426 0.35589455527943959122 0.95946754485111835915 0.84564955715571368653 0.2654818785205651496 0.069563883240142759107 0.7820040864104046803 0.0078298657833387975079
0.93257036456485342088 0.99487545551167927405 0.92334981780209418497 0.076934525604645115631 0.67998790729156519661 0.30336702896663176037 0.90136622465966484945 0.20448953594624442965 0.10975747167028606364 0.45420856809575015426 0.2814948433319934449 0.55386412272031127445 0.21753384575309720394 0.35925641447338013429 0.24549454806754374147 0.84311677092064716735 0.028095380821354631266 0.47744952020115145051 0.23577758301889353734 0.26059461555144006856
