100
0.11586391494700361174 0.067407864340106217829 0.92792546649960094959 0.62942883275512872372 0.78681405731232968758 0.96478162026720700373 0.86154348855148749498 0.67357750605388677531 0.97712144141120160762 0.23408773854040855781 0.053530682553519382189 0.63449318689017627381 0.12532203243963308556 0.55584799126336022879 0.12914088243356774033 0.37442048338637277596 0.66640013796699079743 0.068357696085127875199 0.60242588964133903683 0.65735899785947756889
0.20059608401365817065 0.56735785698606857089 0.013784832931048784032 0.76500041592301731689 0.66252240177592270075 0.52715018143872961499 0.2405724412457361597 0.35575957348080491531 0.60031861043453621827 0.9705513042406021357 0.047740780366885390905 0.21778171334132980625 0.32605872993150693034 0.71624431359421821886 0.90689397754814964449 0.66752688947124643842 0.48698391056013806574 0.079442552601725711133 0.90029921969708098182 0.086586362614861117691
0.8972526424382055105 0.46200722433459500213 0.16391241760469707164 0.95649797660646086273 0.34320772878620175089 0.23269555027191172623 0.19090756962907463331 0.30226979717489646092 0.95999854144042897481 0.85330294656634698877 0.0038400170212314990747 0.51842272530247897295 0.57663421829972722865 0.40709903644698354415 0.79875584355150003817 0.92569920851816829159 0.86137106287385476226 0.98941003540588041965 0.42826066022075062192 0.23339400607235498864
0.50332998370942000853 0.46233714309162284175 0.0041769213939988307917 0.36050082590703164045 0.64438883606980277316 0.10225467552659975659 0.84437727272910799003 0.89742172195040975012 0.90834844096714125171 0.6040502439291362232 0.073042973738794800969 0.64755601531391100614 0.42442278583299626946 0.49628663489183523678 0.31105775581140663189 0.43055505053023172623 0.35234768097937712558 0.75989599583785533284 0.23819897781002399894 0.70448123331097006235
0.72609747280655902342 0.81247735339268722124 0.88278881518102371028 0.46663845522944094927 0.84028269418623333076 0.23050640503071966801 0.76409023370419981003 0.19765183854503069727 0.96781649697975946807 0.33525278583853009582 0.9179535189860442096 0.38821030537582231764 0.60792380819488907529 0.54692377476454358606 0.57560185918892926924 0.06237921401583038306 0.61127127985502143132 0.44250016816886483432 0.55436108490118759737 0.34778060341581323053
0.33834986107387333444 0.21859341591597029317 0.80011174382821295415 0.81965591236214614034 0.52920952074642497271 0.51946074138229441242 0.90815887168332394297 0.64801125472278666714 0.67040221686238666855 0.42091402446144930417 0.87128526125032742671 0.26855384672737766274 0.15192941850507494817 0.20378032173536322094 0.90734071098859782204 0.071450133512862944803 0.10556303057224282173 0.97323632916048839043 0.51438314651724699017 0.52214497158640827855
0.22899212450307724373 0.3738431186776211458 0.037108469974715819226 0.38579605701386498741 0.64579133874758433984 0.0059235276584814988655 0.7294270381711524425 0.90350367807709888051 0.19512743882292306948 0.49571211608178401397 0.17376379002743166897 0.82661708165009683814 0.59247237897323424015 0.3169440534034994565 0.81044116658955004604 0.17380571468845477869 0.86657817513007919706 0.5711513044486692675 0.062491452950948329101 0.31043829075264071763
0.55592326458726813336 0.38658569629414501172 0.14591694909816658662 0.0041633075152191924935 0.24084711792341877222 0.64479492537286012326 0.46520224570327416602 0.66003593250969400444 0.17115115860027979106 0.74860582374372076621 0.66589700565080555116 0.46096371756557788664 0.8644172587738368893 0.96471997305788349185 0.5004393933577184787 0.9479803958796050233 0.59035911454057413237 0.62465140429901019225 0.87992498330774121854 0.83631325219769827396
0.65611837858318204419 0.39958367174056271876 0.10619604936381405293 0.59983659034498306567 0.28028638066507171478 0.20025692611849698791 0.48701491617413363548 0.42803729872711954657 0.0073307957103546362546 0.77879529892269528849 0.054504674880134038322 0.029180010859630978637 0.22652820625303441983 0.53483037299536297543 0.015472209218121666839 0.91678318198492116993 0.8317059510686258077 0.27961063419342470864 0.93829441229741792127 0.85445826015178674272
0.21450625502920022195 0.74843300445973739087 0.18028769664963740919 0.10186181212120260566 0.67032722801935964053 0.71988635226366214488 0.71582298808575355932 0.29401468934716294093 0.25037522398294997347 0.91150061898082197602 0.85666496425947634554 0.83189484901705285737 0.098841936793458942028 0.71448163663721288481 0.95904390140049367177 0.032925235004850192529 0.91831873173247341528 0.59987377748889438137 0.033330888737669035586 0.4418751861554761699
0.57202855533961254189 0.59240724364476724764 0.54444774348854960779 0.36849971907334869739 0.56454962682611784864 0.40514366919012180588 0.85226299617131761661 0.62264130406226189977 0.059605235169978907424 0.81444890520214552099 0.86627863526299789845 0.5506767896475315809 0.64993522274274343403 0.023604203850438027705 0.36334852465950550325 0.13200100047903277 0.87994219214911961356 0.25443155198464350669 0.48635296312504921231 0.46336445279675837056
0.47818894415742820958 0.79053533691386558921 0.30983340087263023995 0.63984992386432698342 0.01461990233192878377 0.40915265738434474722 0.75091053041583073801 0.16082604954348788485 0.35187458393483270322 0.35796302055593755476 0.19356997424191778524 0.88092455398673792237 0.98027409748809216436 0.7181181962498600243 0.5043410546657876319 0.86010306047671789795 0.85719637028991096608 0.15170038387692914454 0.18616555232297045955 0.97301899908749806413
0.52795578037490113358 0.07676352258496729747 0.6614210913346836778 0.086227147176440159548 0.66299000405006452454 0.04205665297566510202 0.72056860257637788737 0.013848490082316223095 0.19501687129774153764 0.77900424834246386022 0.22743152349416458389 0.51865702971741980276 0.68909538578952800688 0.050115781321491952559 0.86401451559929248237 0.71442603966272705637 0.93590002437050664124 0.74534687541682902477 0.60046748274788691585 0.88736480959870781536
0.061744535225792396358 0.85776099594187357956 0.39344818405679108986 0.062710558240467537605 0.53819502643827679743 0.85260689252559873635 0.76082913303426731323 0.72863403755419796929 0.032174059857470016944 0.0020698519214001550605 0.10329330727102605252 0.30718474088629925715 0.27283963887849490567 0.21656735228361503399 0.53069177240494819241 0.47237328067558590378 0.72916939179787487214 0.74881567241908539035 0.68025459763891388748 0.6115225379988903767
0.64728590571825841591 0.57967953778340204542 0.70795599676473224281 0.2766730439467862571 0.14325468312818934402 0.77290472964351075079 0.74232088175309179505 0.79879708257458743322 0.33803415363188298753 0.4174573996220707571 0.72877776813059919888 0.34352837285881342128 0.33668868045491266727 0.74112563701268599037 0.76068005613419528032 0.47430095890630585549 0.25411217018800033796 0.52918820591902140466 0.73220929119084255104 0.18961587311198444878
0.47543721864147636539 0.88013090637706259005 0.66961748096143633901 0.93119054923361678917 0.84512271475635655701 0.62668344965283986073 0.47894105342211101335 0.7521488068281159692 0.85353015982406942139 0.045516186636482225793 0.32955711940085087092 0.43669775211720541667 0.91775671003068001996 0.7168602345300478856 0.60657707147734716565 0.021249024455253249144 0.52327361204846954749 0.8082232855595449058 0.17279250769283495913 0.13925169673816994775
0.5167033459559952467 0.8709298302813164218 0.14777001038089829888 0.57891509242416883688 0.91268028798338780806 0.56347626992562614874 0.47498355483678128541 0.28187046923799115978 0.8888854020610591023 0.65001508386167938228 0.068290359784299775538 0.063682832174764979758 0.4310545166399283335 0.24131764803842992298 0.052090693290084217801 0.79416823801737523159 0.70176136506306366033 0.24352737729493571941 0.66481476358836474682 0.45330685860249560719
0.67922173788680727713 0.92590652037364132158 0.53899202353271677689 0.70046417131196588891 0.62040378330883718208 0.37326677201876077796 0.20090918212822459767 0.3554296936367296672 0.78199615223297277614 0.71236325994249625641 0.64693242248872930955 0.83509362864176091924 0.16302074113460001211 0.010665754615169446579 0.75174874497748326636 0.963725863948288227 0.65746126889562508927 0.26216408854240316252 0.49258687603663096861 0.33656940636090794177
0.30438886104585268421 0.63113009001585190403 0.57775280978796107626 0.67176200140779974279 0.99913032133530849772 0.89626223967722931185 0.11135632278781336688 0.11842335660478020402 0.8256365670311011544 0.48954134838824506367 0.11643937384176471917 0.42238370590728443777 0.69479668930898145612 0.12741964514981457231 0.11101248938026914213 0.55375677967941593316 0.82385064659762345646 0.94540941458637782995 0.92494763036247514519 0.97151095849221879224
0.13959492655528230596 0.67227342119635141612 0.42612104938879134699 0.49621138705328439352 0.39313777222808137868 0.29682303137970391667 0.83100492102961149177 0.7436509627161482245 0.10077387309839481267 0.3766433745465301431 0.93799535158519151774 0.32361746066705527784 0.28515634321796362523 0.91271082576227395946 0.42259587575698516525 0.93745140881971725466 0.88162286229605407088 0.55983476612673556096 0.5994059496280643255 0.57934188637093258828
0.39884939842087761158 0.20234362189717143517 0.34018661794182186335 0.90555031504613335748 0.87365882538471934595 0.86925463313872958047 0.0043915398972937529933 0.6903013012711965347 0.0093060072604463929514 0.74638428901110097553 0.37283125066115739755 0.25752868330912564364 0.88767348888921208922 0.32467133477737834471 0.20435346513381480644 0.42066022999329247582 0.65996504238972999811 0.30910328971604591493 0.7833357249629212164 0.41691882829486121915
0.94904251175743873471 0.38246626714401723201 0.33487069173094957615 0.17125880273954822123 0.33820798785818407558 0.63399261678952874321 0.98190159688085286975 0.6549496408694489688 0.0056346597308379485687 0.19812550529964134303 0.40120926539177539401 0.18136762394520737824 0.075199730718027421594 0.49623558982186682492 0.79088435540935984652 0.028845485804581403049 0.056360679531917669152 0.70720946290473151813 0.38435019209337332628 0.39835900899602927409
0.36556216252600341971 0.33274777194317920576 0.53841131628062546089 0.93102765986017897585 0.87593313688020213377 0.25626504604895940416 0.78319536090993035246 0.78977267900614104695 0.83439952844210880023 0.46911485816460270502 0.53349273071563733847 0.17322158234574244116 0.83699895913756820705 0.56454366791253412133 0.91845471466485572313 0.80189789181898759462 0.10680782863449490963 0.98987239200457460549 0.71460716020513774115 0.93691672559646395406
0.13251700413477308417 0.095589651501857715306 0.47313664722637129348 0.29370442948051222987 0.40667104592600207107 0.87360982910323566622 0.30101736238109029763 0.96032640203297977535 0.25327269951316836794 0.27961220775396355628 0.33890291037437130493 0.23974728342555838914 0.44281567805514306075 0.056240488608733667794 0.05690042620011324416 0.43207711087180638237 0.94004504593783354982 0.18486443419287393905 0.13802087134195091116 0.037958726890604931633
0.34186455902515875549 0.28678578329061778641 0.29446578090491971853 0.23632439759469908404 0.90506358843678194501 0.62313864803174163386 0.021232375128051633642 0.54419909366332746523 0.75045843217435403565 0.47373456069502057047 0.02208839459461836097 0.57127848257042634033 0.30842896189055073533 0.21767153247856272128 0.756333965550900389 0.020940116259132478651 0.56965454987506838219 0.93732420233302157027 0.97259666346809907302 0.96374895909521542803
0.05766729336990476947 0.062622986852658701353 0.13989329234529935229 0.035965768685838316 0.40933554124886622615 0.42485595917128172419 0.99613792836639917188 0.84320275786561603302 0.061128752212961345348 0.76311765871789890924 0.47093573171160070523 0.89495698062110105907 0.061219341022733711054 0.81112800949263397281 0.5514541686108676548 0.032043779102171900813 0.37691817562996306667 0.58599728320548949721 0.94903378351908095208 0.32870834359248546445
0.74638905830027390393 0.59694398545970901385 0.78941928973698034713 0.36446112652715142955 0.99622382697772538413 0.0071495589721105741975 0.78081809684439960868 0.46287726037829030084 0.64479570252551599903 0.98256983928184013662 0.88104211676899816559 0.84483752499488697275 0.12324606136457295089 0.74786804919660921021 0.81932493641453181174 0.56522189303080255687 0.72795453689174530383 0.88749209675291338941 0.76434004936500978531 0.076412139707343598586
0.66659329420827018354 0.45815284336883415267 0.15875509732567078257 0.64812772817308364042 0.052923659078231119349 0.95990604827632740597 0.13203245094602940405 0.92941746239656143706 0.0089234238210196788806 0.78445344357156509776 0.27560698388657867261 0.7126545998947164385 0.45316592209816071316 0.62982337731998845474 0.3278394508344524432 0.64383056634883750112 0.44119625672770267994 0.2837481735188682065 0.65526530706199177871 0.14836873649902992348
0.48776366619350818856 0.068458559697961435437 0.15763863903127631113 0.32396456690347600303 0.35639169132248082735 0.044805895148502551174 0.53149636645369455987 0.0054294657038571514005 0.83414559613016379822 0.11824069528456851788 0.87044918462464974289 0.5382033548485838491 0.45218160593247893264 0.52689345537694402534 0.50270366414649104932 0.39508965015803710187 0.088483730650190053619 0.2696706287559767994 0.27511805746712695686 0.68442350005539181188
0.56510038904901982194 0.84893292935157648274 0.78217877626172355502 0.36552734877950211089 0.14906040396741843557 0.25775152606684865997 0.48914472682965200504 0.23256545011773747971 0.38185425866900983094 0.36091880737254268134 0.84434916606471686212 0.44363756802636835166 0.62020345637092001435 0.29296613205680017988 0.4706690635692524962 0.91023944198414600485 0.51874952663464475128 0.30046625427024666803 0.74857343988389640375 0.34241701505686009609
0.30880576913936057145 0.016707920991136262926 0.73808741556510552942 0.64647275287181580141 0.52532829624298014017 0.71388972007759624304 0.60349665963261040923 0.61943354159530190759 0.41881072552310656145 0.66246505445951870761 0.018569479790626395959 0.86810849206254570991 0.64812348998977222745 0.30728357028398725111 0.40219736075597754046 0.29619097800638185121 0.63118984922682521056 0.97454562157463266007 0.16071537769532784606 0.13581504240767043091
0.97784093061565190153 0.95593170456117522546 0.69528687015038406787 0.6197628656083877656 0.28739177088312608806 0.060636642715512769134 0.7113227330027975027 0.74082079578618920303 0.36986788091651577034 0.3303400797528066632 0.41979976208561489389 0.2815300674944059385 0.66002210059411837246 0.73537733708426465332 0.21648760010057197336 0.50329243283551000019 0.81797412935918301032 0.92294304232241248387 0.88233662920252562258 0.76191513109947208582
0.69365175745017845435 0.51210866589482965808 0.6454072635014867301 0.10266920923184615641 0.50924490988113153974 0.39838797847213421001 0.025409164624425700633 0.51927839793151145555 0.013382925402260633166 0.7444220344396674428 0.52984477806838541151 0.69761561585597488505 0.77128302335335672944 0.19487313733994569137 0.94961789865211718772 0.64481507573197110599 0.60915789306643554492 0.47586400620460720209 0.13839387733384790423 0.14040671937233279945
0.21720125314018316634 0.77283338341817242243 0.58223687956750975656 0.24592196287154251532 0.08529853126354695127 0.17336750048940009555 0.11602207253676751961 0.95871771090742979627 0.55292483045758640737 0.84722183461445815426 0.17376716108662425926 0.5259587381096551397 0.69674176971054416424 0.66980441700133456454 0.34218061669322175154 0.63998665782985137329 0.95361305524904894395 0.94201622011157167853 0.335835078026165909 0.44160844908769303206
0.1206664581272030185 0.91087354395884947332 0.064623617141459115695 0.22585758385477633413 0.099053892620723544714 0.79016509546893594031 0.43456454428162825211 0.64478952988913878174 0.85929761378615381875 0.53514493765327550873 0.29249092976101860722 0.42985345733016848245 0.061562444331471858662 0.89745543428553008832 0.0065732489518172191852 0.85002804026194909255 0.18009301962094602883 0.26368507689053662904 0.26530325978116538649 0.73798263956380958284
0.63657397384223606348 0.34472993936702841497 0.54395319052741126294 0.2970697564772363883 0.31746505095911733263 0.19591650231836298883 0.90744380945313586688 0.047691651020358231429 0.58594713666855686226 0.78125290526432632644 0.53616593701428837007 0.20768967106664722947 0.89725985283993251802 0.071757910663492108043 0.25967639130425143487 0.022339167836896985466 0.31388004502855076889 0.51761789503798687673 0.5847668456524265749 0.34148344545669664636
0.47975778728589366112 0.84825737716068805815 0.90884287127038902168 0.094311593338865288302 0.13320838156290146557 0.86073454707947134689 0.42580548428614280128 0.63753786606025171735 0.55607574251464679288 0.18305983309288291922 0.7495266069673440572 0.79566219913780900108 0.14172388645706069678 0.068266562062906135087 0.65635324461839736424 0.62615110476861156552 0.54379666880681446861 0.76867802535456032783 0.057257734833122245959 0.52515727309327546891
0.31649232114182988303 0.046608163430854834537 0.60397984838190392064 0.1830467349272630695 0.01174931735061372762 0.84936285346907441798 0.57994019527250708523 0.186111827338361154 0.33957629708064482126 0.25956715473269993189 0.084031447604280108264 0.15656069772656774192 0.019744614854191636164 0.93787385575763479982 0.92341470186701921758 0.27379182453380230145 0.90134033671026477289 0.053074454314476521071 0.98711678366461772411 0.96183389913663035577
0.29817717938911617585 0.36035495450265661328 0.89296744122510202107 0.91096954689969911287 0.93348250671178226943 0.3948873826391238914 0.21748043604149903019 0.97730357186265217413 0.071687372484984472035 0.76416871623595032811 0.87404513885327080915 0.39892695430094915569 0.52258014476704592555 0.066248611134131011311 0.10692672965311213738 0.61227241073498706308 0.71529154255006213356 0.57521324846322678383 0.12711876105169958438 0.59896350289451599666
0.86727701915052237888 0.043567263853214705383 0.47706249437060097436 0.90100525989186239283 0.024004305173867447924 0.63356127009635256411 0.094357443835714179166 0.57442570065676874016 0.39528443660386459947 0.53717249332128975595 0.12161519395716164006 0.63447967013473951581 0.25507986881641025155 0.21356234140540080851 0.5269073881893115556 0.40319462941277043206 0.096296591093929016596 0.70951837209154148373 0.86615192145173315261 0.99602414049590609857
0.78366209871558476554 0.3932462690459074602 0.56031487208170498409 0.46472922747787062165 0.23018941319712656128 0.78539409515655753591 0.20662252579370145907 0.030620063289231494322 0.074109479397432593043 0.39976709912767269728 0.51335351133797986326 0.20719466273906506591 0.13348046657652468919 0.24538521361247169855 0.98455945414596582875 0.32429955159823645693 0.11619418795727755404 0.38533511959046083981 0.09259473326282185654 0.39948212411911007393
0.3834359424508433539 0.3273546571487629089 0.78511841602840305856 0.29521755214547795352 0.50481230103215872593 0.65610475043148145784 0.59100604754537387498 0.33089356100392153704 0.12580108599245434098 0.59045299626891301271 0.68839882316508178362 0.96805817787496533717 0.039049940566456122187 0.52783757624484853321 0.76030347685335343126 0.079008522098810614667 0.077652808257407561986 0.70326265146491822856 0.068295030197613944961 0.11779765348682324046
0.18127806969722613339 0.017693670457609527629 0.022333225144671944406 0.72787994531232427532 0.37484496231373207409 0.058245385089422909396 0.2458056526479881934 0.43195257777512686726 0.57818040766276261193 0.40889054173360121829 0.66983644275925603598 0.65945780957962851326 0.42598168170120265594 0.067457746925354476926 0.28788071844673412952 0.28366282110921687502 0.70921961430045297884 0.6219063815772622982 0.96553114733065991413 0.54628236766392734093
0.88592217892077117745 0.77482141151109132831 0.68754136683239972595 0.070528644499607028528 0.6173609677537510136 0.88909046016863726536 0.90006475555792050497 0.94155307121827611511 0.65731875148520001 0.58559633957610576467 0.52670843984528921026 0.98464052808493647702 0.029639604796884610712 0.30628742299459294163 0.32147086164191833132 0.83975690269763076344 0.98863155190941882168 0.75891055416527328611 0.71396021544408609243 0.47402036324097794476
0.13843505052854597178 0.20990436043556171978 0.76719053939001751938 0.9625785879066987552 0.55059225911744929291 0.54755276639360115091 0.85715705849105050746 0.42254717979679896569 0.55568601251446143527 0.96593216763971738995 0.6883605385306540713 0.083972789883658687828 0.032270987129882647119 0.9733985485603224215 0.71801723995644725466 0.98204551914605389874 0.85036353706239697209 0.9382158766950759606 0.21368179406993822154 0.43799442975698945333
0.31669128594856882732 0.25166287682927673396 0.46575061671632106988 0.51714120930800332334 0.81744546992772256346 0.67960106992665279005 0.58800357005922501892 0.35724977516093427377 0.66894533262580081057 0.1947072704718902466 0.93501326394532883882 0.39411691067671069793 0.31317759206979273547 0.016056744236864921467 0.91510992881058082261 0.76338518738523439733 0.84373953892928697232 0.91134178804232362267 0.66840665021048451081 0.69567683286062505498
0.16712385897455005169 0.34382745424024585529 0.045946152819566663591 0.43134431571642719341 0.80827612703247572447 0.47377665380879396855 0.45468123679986092984 0.66869232369287717066 0.0069491124383445492083 0.86499375282054366581 0.2034299478104724896 0.19641549281399674226 0.57931148339977961415 0.60303165577815004335 0.11934080417770717692 0.78674179713702924806 0.63251029854175150742 0.092536267726981144457 0.53997308523329560148 0.19169478842001261472
0.26072461911034511153 0.45814395048550870236 0.014876132698201812202 0.35457648057356253707 0.46193960073858100616 0.48874621339912898695 0.54717992818119010664 0.58081616960545162437 0.89679822197863719689 0.090418068437293630003 0.026351717973207406027 0.59041546326137011788 0.91409354903107180475 0.21985363087365257181 0.44572401677864959864 0.75186184581092664386 0.26014253029087163464 0.14690233644074928755 0.034572906095367713817 0.87120960025679242784
0.7178061611620462078 0.62135881086260028689 0.15785490542009461513 0.31727039861750284445 0.19756182616704681297 0.19409762717512759104 0.04040050328969325993 0.0068403419923096689501 0.39727579112412294914 0.5814330282198032499 0.73774426931076598747 0.59842865199346236238 0.97551829492609716982 0.17945541589053853567 0.88703622181913572431 0.381268896678968234 0.66565597592673482556 0.93443303208914784222 0.84394596472624745591 0.5053041124110703474
0.94563759555708903025 0.84289846207673244408 0.037820821961941029888 0.60803513794669022892 0.88015147456042830372 0.50500284692344545831 0.36766390092811238917 0.097730248551869120259 0.44307648806688034523 0.76260215911265382121 0.92324368933905888706 0.59755368295807353464 0.23627295942278392479 0.52308446460694205436 0.096807482905348331336 0.48339558700440310224 0.26944084413664363015 0.58787006581667526265 0.4700321735273523159 0.04625011142010744048
0.38343257587387409168 0.94864483855427456864 0.18703717114073281131 0.86898471085992900532 0.45593342314654148668 0.27329757052866858919 0.58925417084115696127 0.49163177748293632077 0.13019586547180234039 0.035171174333441029272 0.27911176400184653767 0.17228531021516728399 0.66156326815101712898 0.96837909038134547998 0.73035712305810245677 0.81716108473901731503 0.30640207852409279083 0.57961701604393043994 0.9055433339845598876 0.89108808453037212258
0.43808171423749027901 0.2904657377699431496 0.92727332614213349145 0.61564883269063968159 0.41620920869210582702 0.42559590018516460307 0.041710179265733410107 0.10631859621235595836 0.66383204716671805762 0.87250716991352711839 0.47313745072244311714 0.52520366711355414164 0.77562764346299734936 0.24743721282090191981 0.43563370926169355944 0.16150571091211323631 0.73785226974034199426 0.48409949827174260324 0.79853531543080885711 0.15687972225157279633
0.13876911994857691474 0.74125914929130800089 0.34538393255444388804 0.72327091253942876384 0.07665402893504700356 0.34586871238019395171 0.41362033152826622133 0.924755838056687057 0.93838474023203187192 0.80919102609169990959 0.27684024182696002832 0.44948703875261821785 0.93495040697791381978 0.1381473837784517351 0.052039116504251191103 0.39097056884737706455 0.66363406792361372762 0.7355066512357187432 0.83007331521136895321 0.98191039756032175493
0.4667679590606519434 0.69461217221813583263 0.11082481917648591581 0.1997736656977611735 0.4595006618212175206 0.60906432320242437741 0.47065030008585611367 0.89706107047626071983 0.41337822546029942208 0.25031621458594786135 0.11325510033442233129 0.49020560707301521569 0.69585755661120896992 0.054213282167943579949 0.49170242962721325035 0.016139398118387779889 0.96983117650050848811 0.24870653502406808239 0.65160732146715871207 0.22280301893756018251
0.72867615761219078284 0.43894361995049457968 0.39256799955333543368 0.96040785268458320071 0.028926972205581218296 0.69902084519947328792 0.76920301382069146835 0.21615402985877645096 0.89787376100779416039 0.53079035103333327785 0.99467732948322831515 0.15182724071676017386 0.2979914932181342177 0.7648428085316939362 0.61922089199415786498 0.50151238143674259736 0.27163217237382716261 0.72469135295457007701 0.20000650620762470857 0.32037378599559974371
0.38004388342990630726 0.64724513252820164592 0.45875945437392580997 0.52607161079590496802 0.40594090444693344905 0.51628579716655919262 0.42686911594923700333 0.76955042341768448573 0.23595500851346382228 0.90545286936638603472 0.60188234021034158053 0.43153308520958476297 0.26807360749155535528 0.90694192407668004123 0.47365223630492894405 0.56432637424303470366 0.705322876583470275 0.96377560373284877599 0.74077680608446169058 0.42542347776571692815
0.29942850224416491309 0.84013671341198186137 0.91200716654108673524 0.94777563051804692698 0.25738705065421205978 0.30562705278824803522 0.27002975579458015829 0.63086448136021803682 0.4492186275051482981 0.69397995864202451782 0.12763829946781704615 0.88052475321237780564 0.3040164821174672358 0.98780713550310718276 0.69671205230786532826 0.24574929039933358406 0.20307349626902389516 0.52161124129247665141 0.042378818373258859379 0.55567437664815971929
0.25774670898114425828 0.27493598554760215874 0.66636506721183836417 0.40297526264874466149 0.41508636897486713747 0.91986744082262588459 0.57653746910797394392 0.15204782450700048976 0.94326150153548024352 0.59354766610477230305 0.028812570914975654129 0.15307041704623184237 0.45366690799543298105 0.16601657213062996139 0.78826469873974370264 0.94742332285237115417 0.99093885459477952504 0.26492165600005960818 0.26083094388236723911 0.9161314353019056829
0.18304523437075291158 0.4023307616066861453 0.41223086685987614917 0.7517677724925640672 0.08807108656348400336 0.24083827416236530146 0.088024821971286892929 0.36445276026607477957 0.8560268365617186846 0.94231032656295696649 0.063011777984855216466 0.02539085139733589057 0.32392960821922488673 0.80364444939178012118 0.60722238178347389466 0.66681636699572603922 0.58234159484340594463 0.53489709660673838708 0.19023230462420719962 0.87521526864386753412
0.43878168766462079844 0.78446215859038784192 0.26485780289548014748 0.78895371682982070471 0.12368964526195747793 0.90419308150792622485 0.15458110965012854547 0.41479605819836761746 0.26673354770813705755 0.2586552552577697309 0.225205289061234196 0.39194887037850755976 0.37776146538971128001 0.075219456041285792896 0.83661055406588895653 0.19879214297211299364 0.14239041290500733427 0.42234359655913524196 0.0057947255581957604208 0.92808485274453235393
0.67720773105582509678 0.5498627026860661818 0.15535517478661960513 0.93026238628312344693 0.41009242608149110496 0.1562441581375538681 0.0023911166100794360679 0.73189844210412960157 0.03167731199026502367 0.26273009718830928045 0.13246195069488788401 0.5632104867780406854 0.60083022321260850477 0.58903661404042531336 0.63434825370431115773 0.46263247989119568479 0.088363297792568948233 0.51893273974986704825 0.85473036825846354262 0.2007377476568051031
0.043403056580287012044 0.18499413157890709833 0.95077301933828859077 0.6861312825589681084 0.879707876726126539 0.74384501548499036702 0.17484433519999219346 0.35780823620021717774 0.73024605059578608942 0.88994794955666505567 0.67309610099135706483 0.12941826604058827499 0.92712630296140947629 0.81479484522213589632 0.83905697657392797214 0.48714609278003399368 0.021825987916297612582 0.02109596410108489277 0.038477372723487284487 0.51410474881457193309
0.035785264303929421674 0.82502804601606395072 0.38733932808582400474 0.067686140157696690449 0.053445725172018612433 0.059888433497632987475 0.58191556570516226492 0.34936827874105863247 0.68949766573997402127 0.807052885635968108 0.85158788005057620813 0.046593942118182715413 0.8268186870198044662 0.41384043286239453858 0.012312306304011157686 0.0888177240051993715 0.012049184252761846936 0.26845049222819435895 0.065759811405562229461 0.38547166846104443289
0.47826994336549946718 0.99684810101571286672 0.58796609633935555833 0.33852392418924684436 0.61641287279022581927 0.51237234338778874605 0.70783694391205611592 0.96594630700478910043 0.81465960098969472875 0.0056465926884903875596 0.08965146264803036853 0.046944938814686377679 0.21833438847239555991 0.9442641210291652909 0.46856841389362372837 0.69915150229213340004 0.4275945683873272605 0.02758047798535496586 0.99997452456823268804 0.95042895166119787873
0.78836860626782311122 0.090111698497365686942 0.59083068154542151056 0.77318592278765604296 0.17091150867968790483 0.73691896111957001596 0.24532310718831777446 0.48244906530359038803 0.075409356997084173125 0.84504453926478871416 0.23895640254255317604 0.9058492568766746783 0.65262732701630688583 0.60011591067563294343 0.72350840286836340826 0.36684463447208248585 0.221994826789905846 0.86705358926798077406 0.46994089983601774454 0.074092371424128906172
0.098091564749529172465 0.87020610398484391759 0.029616753303695959659 0.0041932009962833224513 0.75004253309794849982 0.59148981291931203991 0.71386741175191290921 0.043457848693252631447 0.47329396152284540592 0.48419555585660670525 0.8160588820768450063 0.29290996442123409983 0.31783544684433872381 0.33008162797526717286 0.75589408609562022754 0.57649921337760731531 0.70601714962228823884 0.41234479939678233076 0.26557859732815892513 0.36715794796221313471
0.31888046510319921067 0.19267036222186065139 0.028754584699475354615 0.020341444485471313081 0.18281477766883942192 0.37131681470747207168 0.83367205896998006269 0.38108173609054490872 0.23076386686446306255 0.18388060443369580064 0.30416334175056485381 0.45037471401110481845 0.75211450380241448354 0.25319367263504388417 0.8629354236244668509 0.33646669055317565282 0.21732403865099951719 0.89226513380521422825 0.50830497089851937263 0.58566823569248280864
0.94669192965072340121 0.48751886801431182789 0.21677851721652137212 0.61355778864469941115 0.91957829028765170071 0.66015549775177105607 0.26490727857429021601 0.61559463159134037921 0.31814666516076420478 0.97872081176067072096 0.2492014110024097554 0.58696805478946989065 0.51203745708551238813 0.39918983873100660645 0.29631889964607263123 0.10038244628979516704 0.029472210288503631779 0.0037956627979535991868 0.86790893766325794565 0.60871117592202458923
0.70894898185256434534 0.96140644550034375619 0.2863625230704095881 0.44918015580949859035 0.3031019743146202723 0.035629949337642258288 0.078701873398438656896 0.49727929033602377517 0.4469918873253138206 0.52980162726720113066 0.0053135727730605677305 0.052472575335151109806 0.54713190552955008974 0.81965967468624366724 0.65231220365852618406 0.79899055945336143811 0.23560920248893777785 0.19577345051282166313 0.62302662687982376033 0.22901218269568326529
0.82307251232687086404 0.32966498437026303984 0.69232535849608567685 0.23799956529576676937 0.99227619142883794064 0.043994463302535200813 0.89364656089398466268 0.77185205874165852311 0.6437968436775521944 0.98779120099064952041 0.80757138691582387079 0.72506695389726033454 0.012946989989477895562 0.0031511186091239640574 0.1091781942754984331 0.75422106009441200735 0.31925490904108509021 0.4526901115010118691 0.21592558490413743815 0.42882962972695854717
0.64361571223047276747 0.51984848386035892407 0.054641661852855424853 0.57559152490678137785 0.17251155981142403943 0.47927029921880559354 0.7014749823563863943 0.46879857377888367625 0.70924165735653247841 0.14701906620911664675 0.43499076965973992653 0.80701013662959976945 0.15408797041421222582 0.86200461149118496836 0.97626322187463760989 0.78211415365704958661 0.89121426370064773387 0.78486068530497703021 0.10047145256263085927 0.93318911739775391861
0.90225245817446848493 0.50407981744691671036 0.45342055197214497689 0.85169321188891200969 0.012483117207071180307 0.52391553467471531163 0.88032088210847980942 0.87877789421647434226 0.18325882212753824525 0.93230675349910299021 0.30337813443662722227 0.11419626590798149206 0.019550345255548477134 0.67790636398724892967 0.81066526513092244287 0.79213044199081496564 0.92689164629532653502 0.76261418195500097747 0.91591381126914411207 0.50064304868568573759
0.9776775264076141296 0.33566395274634945795 0.86540850324915895503 0.438053551894435912 0.30323517929735571062 0.6783558384410690263 0.33701059619226928426 0.96949393500099933076 0.93136544462404082998 0.59842360134184953283 0.058638252269054786617 0.070433259093543998679 0.031160708561534778273 0.040903296341792418924 0.85806276689158589386 0.21702654172208326911 0.19429051118232787946 0.8897987100969120588 0.21196671887431181043 0.25390766031325195153
0.50894863104043126979 0.57734858370909278226 0.97977248130409018141 0.41747976508040560183 0.60052983099900341112 0.96012344638235489088 0.73135459478183560971 0.2492152781705745195 0.62011893815479787978 0.49286485863190691452 0.10048642034769607209 0.079942810880775897744 0.82173524488961455307 0.080143028165843578723 0.074622268410918797749 0.037149382681572001527 0.74050024206276488713 0.72515116904558033054 0.41902930125194479274 0.077993017946240925716
0.44784364563150837521 0.58292535766890343475 0.67871436325211895386 0.48624918855409781423 0.32352909823363166055 0.087117240196883415689 0.31302774906950497349 0.1463002305260447733 0.082345496872486839408 0.25817844284768306828 0.54259676769365002995 0.71732906089546089702 0.39469306652718504818 0.97233275565391728265 0.42788924885755386801 0.0035581200295649155225 0.54752085153649758618 0.32168646883050058539 0.42335302567852335626 0.60158552113752374881
0.31735678332650876055 0.28744632264895439308 0.84742157869957721771 0.93074326940373485807 0.63265425383927796204 0.19733548586728336279 0.52723926487726508529 0.8956433451464132452 0.18164482045861310628 0.87204446301806386443 0.10665391409694117872 0.64012497448617943424 0.40063254581233884361 0.12793272595682042206 0.23981979759337873669 0.4891952498266058238 0.70009593290090576747 0.87719331284444723354 0.01750353133985466591 0.082944993312908848202
0.68192324678563178916 0.71134512201335341669 0.94160768240708727462 0.99511538448443267188 0.70853191025972090165 0.049142620412325789157 0.049811924635059628898 0.56149270533362740922 0.47543631945580842061 0.596410094923476436 0.1782869870692398277 0.044630708183747433123 0.8487928100669618878 0.18086154343671995772 0.84505108249145821761 0.038090757182587265122 0.98483031595075849247 0.035173553374269910291 0.12000142533079275348 0.61526561804487669863
0.092537528929570520573 0.40513642994479463479 0.86912953072022851829 0.83216041738625688159 0.57942227431796407115 0.13567273965593303422 0.43657662984243140428 0.84133546157179948249 0.65861830660502865471 0.23632570070203839365 0.48422379415921106856 0.88024217657340488112 0.77433985298010425425 0.25087770166771927298 0.47021910901546408505 0.83453004906419822162 0.073972224318956024836 0.85138047535144725986 0.80408249370272323804 0.34208146970582408494
0.85017362057462835266 0.80782688357905006006 0.48106064434214238195 0.13598191632646984035 0.83493162065227923268 0.49115450521360539792 0.2263603248938942767 0.55647750457294065189 0.9049054408183368257 0.44276797544959029359 0.8576710118664005185 0.44437718938337640432 0.58128493329799526244 0.2202271817791432073 0.400060783759145674 0.20965663877013942688 0.24739234889954238018 0.23777503624416311908 0.61758152642334399529 0.66130448883949706306
0.57686070990327296861 0.82584529600239413923 0.2686502910607596215 0.52235463123316303572 0.081883954607381257166 0.1413183675833478897 0.65548755174003405302 0.94879134063702964943 0.18404394365037778612 0.61774241452179489071 0.078105001452044890361 0.12354523197952113031 0.31993780315960742118 0.32692256774511999182 0.75971083236293660273 0.50145413135963853168 0.15637608612739890986 0.84471128215785691123 0.38107553023718386456 0.634079790645602483
0.88641701930530609896 0.86351079094866841675 0.32757510068954495409 0.33296131440272222084 0.22658804347344918437 0.88590317649707485978 0.55189327475727717898 0.51567487963125518025 0.56941940157074373113 0.43941537639381643882 0.72921023677803450643 0.3248160613298713858 0.33228083414202948487 0.65083896597096809573 0.076974933354032488704 0.043533049077927009124 0.83169682500124006289 0.56183816011204830865 0.92583241711447942422 0.04740506739996462192
0.15901033947678140364 0.85275549358953630703 0.95593956650098301566 0.10425199323583423787 0.82504775721753264797 0.50865458022251010175 0.099147704814715911781 0.40406478705185092473 0.44328365939586164416 0.99051737270749099662 0.3729613132520935081 0.11858761035629321762 0.83758097954446322585 0.12174667009705420916 0.087041438415758523258 0.20176210911491504561 0.399867342727683901 0.6980439883533761497 0.72491278223718670322 0.12591601230408098176
0.83829843759431965579 0.70089017137778199717 0.69758214995695563045 0.24675224598760092095 0.052969595744813108989 0.15416426210820486677 0.37224652958647686749 0.050599260591112518758 0.25718339917949131388 0.54796340129777220529 0.3880124968199900429 0.64660650522445006761 0.86683146721387275012 0.73579436790665374822 0.16216790884645126519 0.55866687109984566954 0.18290401337371687385 0.51194639362668948972 0.84827190409450430384 0.62970806991103168857
0.29484981559079825788 0.50577474451762204576 0.80369376538261872773 0.21631876282865955411 0.69650501893865187736 0.98764179676956832848 0.70537166027617397089 0.99665656273799731554 0.39030777120038346445 0.38886409654001952662 0.61301820973078700882 0.33944935137697464694 0.56335285901678847521 0.96456394284584566148 0.54408104994506261256 0.22687851216015251935 0.13569004313323777968 0.86676094721161877987 0.20388551874249474121 0.015671637466172691196
0.99219991876289876623 0.45390450018046908399 0.63670561162133852012 0.29927147882372108191 0.68426626708299462991 0.7135859376096414852 0.61538201602010049527 0.078014111463295410362 0.3247352179321246985 0.26206301551072425267 0.71666568973559630903 0.22675146763815683766 0.26284751181909899365 0.27691234210959099515 0.80712404672516754921 0.61220058991504405533 0.76311714384720541102 0.96669492798908300882 0.78917623112108719263 0.852856357066318334
0.15027013926640857619 0.97197174487723114424 0.45231225495980037613 0.83346986829560413569 0.38938614410802477962 0.19733916992970128057 0.76293171682184206044 0.087441107073537019205 0.28201935771851117593 0.74375509108329173361 0.37525074893410540996 0.37863629402471262895 0.28082208418857203995 0.50860194684672728628 0.79127928483012568566 0.61680431864640326926 0.98690384565577101285 0.088740346770257771036 0.24169163754129333944 0.026557496852255232684
0.78204443301769631234 0.85789062040155792782 0.88395109427914817104 0.41340765647316637835 0.86549503712304813179 0.93102178816732814531 0.90925509109440969186 0.50884647166382612071 0.34743996737917819887 0.084250326360163682626 0.84363768525936221824 0.65401860142451403622 0.2556935800295110162 0.87924608241886445309 0.49613821938491701493 0.21856328962792881409 0.58675832279790910632 0.96058835835042196181 0.53188417625788415025 0.95066280051359434836
0.8279937743714562595 0.15109076942221401737 0.38865850138783927217 0.57509861940633883392 0.63202481840960609779 0.27170251463039620193 0.56505712177269581497 0.1515921278689846785 0.14351106553505781115 0.98569289592979823908 0.76998513000827117691 0.6981197978923390252 0.88944302870081466743 0.18065301495377459272 0.72235420152522478718 0.36795282614887688948 0.74119022876786475019 0.64750893284787659407 0.71496270186041334518 0.068872869619339071592
0.20645120903160398755 0.77021099462072884558 0.85213651692965053754 0.63485959072500531929 0.96658729866794322757 0.3225865954936366691 0.086565269897496761723 0.66587756807685603654 0.075684392827849950123 0.82673629872841487831 0.77630252167300458461 0.81046890539863124795 0.38074290218663914504 0.19606375312158287155 0.71937847638500903821 0.8412628928347534714 0.96527851367780907586 0.94151436746341083924 0.71904004167932764253 0.92668085809995365775
0.56823744385798219072 0.63324094940377239732 0.058830662972001889822 0.56372646534943615329 0.86681856988734589661 0.8231238488675578143 0.26393632163141805174 0.90135702260509611609 0.71097280522141298442 0.94720479494535249289 0.81837299925619854036 0.91472872311674487984 0.85701210902380829817 0.57241625531470247367 0.37138334149492271095 0.57588390683224097236 0.73703636611223971874 0.85235043960568651476 0.39140936313343899623 0.69113668727650770399
0.63947121356362589034 0.51265394793728103195 0.19426528771403640919 0.41379066414211870416 0.31247210719056063739 0.59506871757635702418 0.51155703599905166242 0.35288266442632681936 0.83386759152131008528 0.60311161938917593346 0.86859194513823078065 0.6745071960351564375 0.18766329563810979372 0.11822748768130479505 0.15874330838393856471 0.92646515013502612118 0.3702745669543897909 0.10938583055464979753 0.19345417126661505183 0.0053638089875260648478
0.33790979860706801065 0.32462618117467537137 0.82374803704258743364 0.51327430567298319095 0.90761993416404546456 0.27825122781398032342 0.14860714083945980552 0.89890356036539749754 0.37282302735875599847 0.66960431754265050519 0.79910949108916079481 0.20884668060839213044 0.70573960667244502155 0.17173039958331939267 0.71738752976797224247 0.42276460368808865668 0.61480205535834953724 0.39658012473446988108 0.83086462787571578121 0.68511586879871862876
0.31391756194162470796 0.64248874289649645378 0.35484010534714285987 0.029921282752615640328 0.56423718353522531128 0.97752671378596536463 0.96958247340784475951 0.67340702591249425784 0.58457370087858741482 0.33608219679532306119 0.94838630845984482132 0.65911240907366531338 0.16789196314760936041 0.99508287037974413981 0.87614227406197981812 0.055157034114905936729 0.54034431813732265054 0.083689699727909413291 0.90618552962342267815 0.10728187980710489384
0.91722947528962957872 0.081743572479618110873 0.44884389697943897184 0.20749931858088923643 0.16512906744425949609 0.14441936283312497381 0.21319518317886036171 0.60889054889227655975 0.76094788274392960713 0.91222589815204835752 0.70164185123498348248 0.20469374929839371087 0.96277513082712472752 0.90983377051547558183 0.63387330785698599794 0.83047431431430577658 0.79915043177806994009 0.64195003669651803512 0.6315764948096217504 0.60470629099051839244
0.036544006543179410169 0.18988321179760013821 0.86858051398939061069 0.12531139539180969733 0.49466325984934588118 0.13160807376654416951 0.51650575462686926887 0.47008639639603566602 0.67629019833053442162 0.57421780900518979237 0.22031611629714788919 0.011432462408679708841 0.422132799453499214 0.28956991029729651089 0.95046683548067489151 0.54117566410363368058 0.86194091383462993842 0.30304162888517385154 0.89253596452994641094 0.97876895721312599498
0.40105770902089726788 0.87815768865710004638 0.015914195458108593552 0.73242355945603237517 0.26004122728397456457 0.28763068054281162313 0.90548035356209800347 0.37907415422588872816 0.72591113594814360991 0.0011342323513803128049 0.49424685049136963806 0.10315546858218509321 0.80257611772512416933 0.28891155359446976468 0.79959688733794305135 0.41038725208086303438 0.69470163694274783187 0.8481267251652181273 0.96573595261051832018 0.17941690061040099064
0.92080419930903866752 0.87083407285393247714 0.34603340455861754285 0.76294116111268672569 0.19867827129889934049 0.50954564389590070245 0.4658778840597061179 0.27286787745572006135 0.030307294179960319518 0.63519832020445197909 0.13905999254925046954 0.97331795100710819863 0.8096869266370216466 0.45429657301939124759 0.9434767821080241836 0.020516885002047501063 0.026649758383889939214 0.72961100378700946702 0.24155206460482477331 0.095299848227158770627
0.18309205847211278866 0.59042590717521259978 0.89143358539445654562 0.73840934423984473553 0.64278314137685143323 0.28835437658145556905 0.22060655562083816654 0.65410883886000053568 0.50150755995550688586 0.35767545480479785128 0.51167462420794052448 0.55237285304891739241 0.52521666755459085854 0.75134352322462060711 0.28569461337164512151 0.78099120973180281456 0.78330778845461048777 0.33327874274435259145 0.73285153901618363252 0.79040791964097125225
0.4071378410403550741 0.69716036894806653848 0.99719933750248751725 0.39661757234861497927 0.42395268649009881063 0.75900163328434894471 0.62628064248573512402 0.831156558940239132 0.090192511789954599784 0.75925213573313419504 0.86439531498120585962 0.2096190132307109501 0.53005127428913840836 0.092167246250742988257 0.10382098622459438517 0.20635257085008990035 0.7509009100500661262 0.078543573841064706046 0.28923747932839131389 0.32122007687728995395
0.92361258499354920441 0.80774253267305419333 0.40446390980259296424 0.0052817985274855795046 0.06776427152234967339 0.33453631759666820436 0.63166853750260451702 0.17975555148619911441 0.81643787399593930324 0.51742060802806850327 0.22369991878343467584 0.1059072626422012426 0.99721092026164009177 0.70905832120174597857 0.34957088178787651547 0.7972729031333079695 0.78165009562946660134 0.94115290972839926476 0.11365038144241429815 0.38057312069725626974
