100
0.051260181826428498862 0.10538112783569017906 0.4659554768808726552 0.10052863713174343941 0.091063871902102957936 0.85122045745577598142 0.43505709005687473787 0.28041062569607126963 0.47742221966029706762 0.33350812625119879496 0.9228990554171587173 0.52299712231175848952 0.10592813092297740762 0.97753822654390845837 0.22831206823841623571 0.3940658873651628681 0.56273668487462494579 0.57250808551729728471 0.55280488863933451141 0.97210377817799170251
0.49968147680089766932 0.39278113341160287848 0.6919607559330611835 0.29549236861386212518 0.69297073701184909575 0.41368785306871796808 0.22371439824420495283 0.16368688396864194571 0.14226567408595216011 0.18587156307373799683 0.049792172590031076834 0.56828650829983874931 0.96832178466225734707 0.10743415297702990272 0.12163869466501460372 0.87829712653909347797 0.13718565360455051708 0.31395243168216317465 0.39999994926586429536 0.92195041865812581546
0.26798064185737817064 0.77129141169637312724 0.45064856269007868672 0.84450297734764452666 0.010297427672266519039 0.75615835897189236206 0.88583953800217579396 0.78003118562966365852 0.33008623776687120256 0.17158788873667694041 0.04131428165183779512 0.020063416688324889261 0.72619606776723771705 0.90205164306210087436 0.12878609533440215539 0.49743649346741835698 0.12238373754223861022 0.13215437837221072456 0.17930236524578603227 0.85427719627553187792
0.63968765920052653065 0.029936516241466351888 0.90389511552871941918 0.21763320839337962524 0.65272431209078773994 0.97570934125754535388 0.31200592575710382043 0.23928567956668469053 0.30575300577184300808 0.84785940542455665139 0.53612692018167274534 0.065396239168662491413 0.61787079810037665825 0.60054699038683981971 0.54807789396481298332 0.53954527230938219902 0.99014616633671117526 0.098092486026982759182 0.94522327513886022121 0.44389796351510066248
0.51898226785118146064 0.70882180456941308946 0.53845039495847052435 0.87091680025792571243 0.86529890163919391386 0.59754687750322390291 0.28965343876745542164 0.83679608636945805724 0.80419701338251247611 0.3534836395909893944 0.91280584562712100056 0.21836976629301182306 0.92853388337218657609 0.67119096656822959773 0.70657657705534662138 0.52260832160642318588 0.26606806222564583029 0.76085958567282473348 0.84327107799324144794 0.30104845378209087636
0.070398059946987874482 0.92007687732852565867 0.20035529062447141816 0.70339521971656836263 0.8846967023445913809 0.79095397223503583536 0.54410149360148003811 0.19204242121410428079 0.54094398025193022824 0.50926077005474687531 0.4876632044468170388 0.72837472691104690508 0.42739925931113143854 0.80176190101820171311 0.10981156709445163608 0.35330414760998559277 0.10933354496805646659 0.50855202908981214183 0.47513248950362980147 0.10485434233344534443
0.55906076835823559622 0.59467821414531048187 0.35863048674484810193 0.21557363257442959932 0.28495657409674782679 0.79317667904523219243 0.079115298986939365489 0.48445032351021915677 0.22941578425575706888 0.93123559495485073046 0.41263123370297731567 0.79181416662673667536 0.95158908617083258811 0.25898699286129858211 0.27091235497668646545 0.16249468428929850043 0.90653862008087321027 0.43929081872389920703 0.45733048702407927969 0.62671499584142951615
0.67135328396019445217 0.51927165018969616164 0.72895082104087583819 0.59110666399375027933 0.93565194942967725718 0.60686023450319356414 0.25382255308229953597 0.48894513009708349532 0.2952653660845518973 0.90708377864067128851 0.64575794224734363807 0.02410898221431471782 0.077587534659463551956 0.99319033924598560927 0.087348459364404920451 0.0065254777016883496908 0.76315639022600934114 0.43253811850265041702 0.37119404928479897497 0.66155661624186373949
0.45527344504649466637 0.97693520769467417252 0.73638534124332075191 0.62729066260445594244 0.41953535538977408231 0.72393537052333616088 0.52328678085191606111 0.88648207078191869958 0.88733217470287393912 0.87345667857873941829 0.71139558210042805759 0.048171226751885832661 0.48388022774812721252 0.49398699399946514914 0.60932261659763089563 0.40275020427568252363 0.71567028559428394577 0.70028542051615669278 0.098430915914025167088 0.50903874079707518756
0.064362197007980051684 0.71297102952408642677 0.14311400626484422662 0.0014996766658928303764 0.39669549711684955586 0.10547760723840319776 0.3440092348053373734 0.90666337567470744714 0.41393100069076017633 0.71566945051584513978 0.8886798178524729022 0.67049121534552263719 0.63975383149162614373 0.05375731583461330486 0.67668049001235865337 0.75468358800337729625 0.27168387664776480879 0.97910461410147239044 0.69749291530447334178 0.53812022624802369967
0.93366616335682953528 0.99376028102565247248 0.70703994226093326808 0.78658735778858427095 0.22526075078152336153 0.99559227741986797025 0.57619353658229775442 0.0039559739758909223239 0.82886849566065373262 0.54948824199092876231 0.0089708305527354211852 0.96608286029226656081 0.59202645725569577975 0.71976063794371383277 0.81264093806845834512 0.67198245127399362997 0.35524358298714982322 0.9156769093005928937 0.57432238243361794942 0.0077919004399501251459
0.78487607662656019478 0.55948909303903409794 0.055824364810241587436 0.8976717407281889801 0.65663444777306110547 0.27582557040751607596 0.20394040401778905987 0.99818777154179132887 0.26013535191772249448 0.5340967798199635882 0.20310120812281609473 0.44104457393222977523 0.86895823940191438373 0.81429787325653093762 0.64577575633342675451 0.38911214717237394874 0.31964731868408806782 0.9798415996361923243 0.92061924739932733777 0.32829792437507908175
0.19999671880118045605 0.64793036870296559499 0.23039785526149445032 0.27881601535366862889 0.34116348531726573636 0.090080402737580921697 0.22073173944906940302 0.11478507926277859802 0.062024028453100200139 0.58274285438415277427 0.94148780838060716533 0.67018692472628667864 0.2491473173497460639 0.67831636573555956617 0.91823293606644046399 0.42227493433752455161 0.12623158082457285945 0.69347156054662413723 0.91202041564673631363 0.075135665093540022
0.32306629508251402867 0.077157663368685193948 0.028077815517225280509 0.45390082283518216671 0.86153782523056072855 0.75498214042908055849 0.094715620181681534388 0.65151400644253292779 0.74010763173264785224 0.48168326629880166794 0.94785333350813640838 0.70920520895900219691 0.91927667172835452326 0.67217498693112420332 0.079448803857787141526 0.461198164186871214 0.073254770905695382058 0.73308579237068599864 0.84045892675298434371 0.81691733801549952737
0.53596075239272211342 0.93305260754280418647 0.073023393832231024789 0.23043210679004912133 0.39241431299017712203 0.99054221678036351539 0.68787419659754038385 0.84700971206835993144 0.21489015774310374205 0.55491973262927969993 0.8896366768788329818 0.53674985760025418563 0.37282319860641870206 0.59985839101259535484 0.84011260968126218857 0.79700021097209707688 0.12536316946262800127 0.42261092846469828349 0.87084802328490141203 0.67335419107828997924
0.24103572767536941439 0.74099319342863996426 0.56686929078539192051 0.085326607836332852533 0.29118824403398076806 0.93864754357807621678 0.45424311612442987753 0.93180277657764432118 0.27229339225174112473 0.16298552159912636648 0.43495645658958179684 0.52465988655712599806 0.93362923120306610264 0.91213344059314655708 0.22005859434012396789 0.15219381512385802424 0.19511116832307437999 0.87849074867070926569 0.54052510826020912357 0.2961493744151556695
0.24391136844912655104 0.24634740017870676235 0.20034525823361242294 0.62483968871300544156 0.56742942788690797914 0.89541418787680435149 0.16344892865326962129 0.069269770777265885484 0.76022413866875109857 0.23100962038183233457 0.9483146555490389764 0.73143211187527977366 0.27394403215845801247 0.8515842566262113426 0.51069538199724420687 0.75128443469031831454 0.35408824925293406078 0.0046059630339153957474 0.90430274928266506372 0.051557782124249458729
0.11961716935435164397 0.65270091251648820171 0.024796224643171647353 0.32924295334033541733 0.28329870512848217949 0.15367767966656934071 0.27743192402568944786 0.37346624101950388739 0.5969087859246731267 0.71548730913225735289 0.85443889433099539282 0.44369232674120956785 0.42977031089343398988 0.18114058545100175624 0.46676880301908619077 0.48986458870461870995 0.24024590961101873398 0.86611026132035982616 0.7817670740496889897 0.28117097170277577259
0.71215719230025734777 0.39199016303079651017 0.85485128052459990322 0.34740972231730399809 0.19022370125536758957 0.63895608757265478036 0.89053862426338869894 0.2005228976602422918 0.10954160587148933481 0.1332318421109317537 0.28764407937659693858 0.90572684858041160644 0.80444714619018629486 0.63320024849865231387 0.77585053018466513061 0.86707290932238390376 0.73287161338327510299 0.49961928864497249559 0.73230338423381626851 0.77770387823099267559
0.26364975770736282461 0.037586381039627869867 0.62464292530248876088 0.60198613012366502574 0.1727947823410793159 0.34612054431628542128 0.61029815799234576152 0.010261631349468632209 0.97336834748690162484 0.010542893104790028013 0.48711927272209593038 0.12692614239757643292 0.20280698916167028432 0.56628797721327667078 0.47670813362933236041 0.46838186049833090401 0.29517882777513868833 0.27888329801534237918 0.37122325422678704364 0.53881585846817366424
0.40643954496641641791 0.073118061759413128283 0.60690679073038170203 0.69674305218171648217 0.80534536598725327288 0.64682058397818101959 0.6655187404161524386 0.43155941662572704797 0.26407586893839096254 0.53579629093780093183 0.53342178890298661307 0.19236518058090988902 0.47487842534062877308 0.9219115861177805187 0.93246858932374365828 0.21331704162151649852 0.75510244426794282871 0.68222383784387642094 0.28381275210202130813 0.59863479812464723485
0.047350877098339429303 0.77943845558713116013 0.34009882149230477458 0.99845869183522434511 0.7279267881936689941 0.6278077035893277442 0.42042659478278416457 0.21457478018820395617 0.38544565761651007325 0.72453791764733303538 0.22443032529595904672 0.76313802806488792137 0.36324730874868797412 0.73244692623676486737 0.044512563256074101376 0.81553571948031030166 0.65327881838165425833 0.93386565455352719289 0.01739043375463530781 0.36553084543734700102
0.092688801293279153917 0.41861467156614387813 0.44961346828506421595 0.50554322503103712945 0.26341259107563778262 0.70658891966552304481 0.17032924755035105474 0.62536984097303996942 0.070591500170445712942 0.63806699336242741154 0.18380296101625501762 0.71303736163136098304 0.83428960974096774873 0.13741063809932552598 0.25791229046719575809 0.89046381963769653589 0.7495313712215499105 0.65587398565740982439 0.50000829983050916125 0.79569886553549153883
0.80967052778184879372 0.25590020380329642392 0.65744475928904837404 0.34243890050831218879 0.74253417113230570307 0.12956863250615470982 0.27856655264930350836 0.45537124177909545818 0.77713687643929861684 0.93318622756894733562 0.43080685602069841418 0.82881427561290365387 0.90105286680472268664 0.054921908792852826221 0.39642499618963410678 0.18106861247156072399 0.89459093840306404494 0.11250978074529923003 0.32991837205559263835 0.93573770524065091571
0.55726506019478424527 0.34513141927015317809 0.5546323550695001583 0.74506718992949976481 0.77541092827508000391 0.87264234273757430979 0.90340565030839248566 0.18482210114010276243 0.65807231084341304351 0.50209555398820937761 0.99054038844872116228 0.51581452687682415427 0.65212496243498871391 0.52598732359010939646 0.50295181656206201635 0.011149698873372919708 0.3725834461693161054 0.73775012089774513703 0.89616111281439107415 0.052938565973866277532
0.41584615510348493258 0.77663707279970144051 0.20313787965436546441 0.65016659019214194571 0.74899408476318877581 0.17500532957144113557 0.076421220719018949786 0.049453383981003543708 0.45992090083337530042 0.76683299787111723161 0.72113666544246930815 0.30067341968110852438 0.31122028716085238043 0.54806190642475693302 0.58803938496164331385 0.19820489989469810562 0.49501559884214579936 0.45142333895886188751 0.33510997451687568165 0.047456140219578825347
0.38757895262447949515 0.45634126778560933873 0.13163896232847761337 0.91155341541503583975 0.43983657124006395761 0.29823662481220376629 0.56568434055218913125 0.065470134603296104838 0.29135623982224186936 0.047512096541271067816 0.89924558220252768511 0.77542769985681485101 0.98640151469013412323 0.89485964731058493567 0.80004644801226990834 0.25618202693589590084 0.58137145527337838246 0.76229950117392988033 0.62501092572871032001 0.43679841575110069611
0.037397885184628545648 0.66334711017780375111 0.82349407115025841314 0.79848499177230711552 0.78294300911481266435 0.66939144210120004057 0.047211370352371718724 0.81229886649177648433 0.34379019311024798538 0.9638735262585577452 0.71392340708673585775 0.16334925244496026862 0.38904641496511202671 0.93508042700921792568 0.81188402546928208688 0.56105134905401140037 0.52066296811156908186 0.2220073224206587511 0.41615451504986180871 0.65652778505363996179
0.24471794772655098367 0.19926259222827186391 0.5693113343580020199 0.13153362706844286083 0.86773598576595457459 0.47600539446468581053 0.10764333702578690946 0.38907148218264098443 0.61959151888073624479 0.31914745147301048226 0.72132124423376756941 0.91215820904022888336 0.41286042315750356838 0.17243622705105353827 0.23389797093159950665 0.62290966667082268515 0.94862268838527087021 0.30469971776887413815 0.84725370736855810678 0.22091495012349555212
0.35476928842939163181 0.16080060269512191662 0.49647188579522332272 0.56979185775579647239 0.57220913004350113147 0.64030975103414689009 0.1865471070639723844 0.015510704223917067934 0.32780646745923642643 0.67608392319037750542 0.49067538265604574267 0.71673551212938930549 0.13462019544031447179 0.40778101524981081319 0.048189475071849180855 0.17980676688487604275 0.1643279679510312039 0.47613653831295662611 0.035985491046269688748 0.96443989657616825066
0.57967991548550844863 0.75712497174106480714 0.32686159804496423074 0.92490854783406333429 0.63559589581340774186 0.12249192313329971768 0.09617465622073643485 0.73644596759438998775 0.93178415976251354402 0.38322785863181666794 0.058240850960439084641 0.33439548781731160185 0.68514406317470795421 0.21806648265540939621 0.38609015333628628858 0.69094583148987650395 0.51452425939323194991 0.54838668581527372366 0.0023105675958389304656 0.4556271545248543505
0.25444742694391616733 0.32567481909076447183 0.87102468997499348858 0.33516353021105777963 0.81988557009659618016 0.74591712560792536031 0.68830183380948327902 0.82742180224515399624 0.88948861725617992522 0.45830046383770744935 0.078903520516194622792 0.13778633542535879248 0.75240939244130212343 0.24322253882408700719 0.75538365207368874554 0.61931724044469447355 0.69256730238188678352 0.52696527417286850349 0.61131363852540134549 0.24245209199884119563
0.026153262417005819398 0.40803662734373432252 0.34146237558254706484 0.76939762811586688524 0.059360788953455754504 0.94260408466507531529 0.7748861377107885552 0.37690914557490713509 0.52093964194215477991 0.22294810460282337512 0.093018139620737315236 0.53023562369440613691 0.92024303129573651136 0.041091973525350943745 0.035492725061386593921 0.46659665069066483262 0.16585946121963976652 0.3799620162120020248 0.46389266328964147884 0.76638850333266272024
0.22082187947240393839 0.4925989204871535997 0.97956138099970339433 0.022719408811218985288 0.67956169700910691605 0.42034536192696095368 0.35882916135106606662 0.47915668284638340406 0.72364924210531327936 0.69494564313688286198 0.38547404868986673044 0.4876350156582038044 0.1225735367294372469 0.66834585053904870688 0.52321320008367405827 0.31595540340821564928 0.26578272193009788076 0.72300361076142982214 0.73302314898391086455 0.92163058528619375468
0.5716071346465952221 0.22093425892936155696 0.16752915080313993942 0.5703495935497005316 0.81400159313668163667 0.73200155033983061803 0.16125306766684215396 0.99311054545024613258 0.84487998729729250289 0.98007852238295046132 0.42434617647569760073 0.96253712984749072146 0.7003530263531955527 0.78057371894940427931 0.87072302630364131906 0.54606383492226383508 0.82266671502888086336 0.94278346018528528437 0.30938708298166681392 0.13358762900708379118
0.46464909712084994812 0.83761524065742058693 0.48444127973608917885 0.073838991413795823703 0.38295275810079013404 0.30875007072030224612 0.45634460388236761715 0.45679972381661125672 0.25344338111374273233 0.52562814844098481405 0.22212648235778243523 0.49702215735373927498 0.17139031060415400566 0.69219948672805745895 0.059647850670153037698 0.32400958878249436212 0.48051670424801301275 0.35750863609418712916 0.18727054390668011784 0.060215564048225358779
0.81034393113085356151 0.31606568923066639357 0.10571049704544429438 0.42237261319424240021 0.28533215850664618167 0.91567231189238602662 0.37841850148150179238 0.05424021475468254977 0.10844291928590951934 0.78299593983476734949 0.56093493622253821082 0.35720303527917184944 0.4047677812422316308 0.18301163290321420231 0.20910001294840511413 0.31184683359425638036 0.1548508926785810836 0.38499012091917742055 0.015631776006476001434 0.99428587930574342639
0.05237449355371982259 0.349624768439063382 0.039301818106937152087 0.34499738910256202008 0.58489527164352348473 0.025090839925579036193 0.6397531295300548548 0.85955437250315668479 0.3954657745295598125 0.40920626633044827474 0.18654812204682661868 0.16938807550628225433 0.936630690888323704 0.5640977963119005269 0.17330839700631983131 0.44467714174551830795 0.12220292794884058584 0.71328039734831997961 0.49961908112095467822 0.43064996123387358869
0.49986565582670712874 0.45189751954932507708 0.83323707381707612488 0.048233323407392077902 0.8205283682907295172 0.45797265865569335136 0.091498689466357794415 0.40037323275981880733 0.99155498934229195618 0.93377287211687700464 0.32471487246770457466 0.13650327123809077249 0.5301595071477576367 0.35277308575693773121 0.078180968600286699787 0.66313749568590619761 0.12211069550153444435 0.01176135040621904067 0.38885065312741032425 0.96330079495342708261
0.14113060551976685966 0.36072527289148908174 0.60526145291180636336 0.23398961918122654602 0.22900964392460661072 0.92617981317592171925 0.74663151350308947689 0.25070571142939363581 0.24082517539229695387 0.95987285669925779484 0.76833817185062383169 0.54717547561552233972 0.60727170804395807027 0.97403258215800548307 0.50680133301104200152 0.91212443616570278675 0.40714786214742601864 0.28133072165501446407 0.084616448894545976387 0.67587464053441083958
0.5879300953642710177 0.027829863266822455067 0.31307874940333235779 0.3483026102183202774 0.84548403932922195915 0.26525026322695029234 0.33242295300936512773 0.17829624317509780451 0.60743591421024934726 0.43256697612367855113 0.38977066743766099622 0.96016098675717098784 0.59433439222786544373 0.69353203081981042849 0.80257328201174174428 0.7461293271220708027 0.76285672453127682617 0.90176754473442157195 0.58641557565145907327 0.61282732559899924594
0.64950684750374737119 0.26261961990256507742 0.36780966730530498737 0.66721982582855116333 0.89523599525278775248 0.88959280158110688724 0.49949778178017745477 0.85363544266819332796 0.79380622660106771267 0.47733604175358021959 0.55235705034511733481 0.088194374930476268973 0.81845190036297494111 0.95473469925957691842 0.24649212975142579493 0.14682032060296771388 0.7613563877667394951 0.67397508880368099584 0.65096450251313380453 0.069288735489727919735
0.44972737105876361784 0.090800337746418826603 0.14113351297792115386 0.30277319967387496697 0.31667124430000347465 0.17919990693706282421 0.15365986803321355898 0.18215543879644979753 0.21479069689031602341 0.88128186380318297548 0.35757490575781325108 0.96387131166833604198 0.16788324495193411167 0.64026717486955137811 0.71548690493703283859 0.15310111993772705923 0.66510212012258078569 0.77504370218655866249 0.39869835213801355778 0.170095026052876698
0.60966152303391652536 0.31715537976769629978 0.41768622590849041154 0.90127784607930453217 0.42455160593215774745 0.78175054678495993244 0.051254989035520718784 0.66848181411376852735 0.88206176819697627265 0.24042784206864422627 0.41662861104205637514 0.081194438659674792401 0.47213907009686829262 0.62051629899002240873 0.51191648827828365267 0.44292038990755481061 0.71759951810533573679 0.48913366937673355037 0.53394089244162042427 0.73783764805081530327
0.82042946502504671244 0.76937061984874885034 0.075510519127408363927 0.9381433122979052597 0.19782387804589456108 0.70619382639022460494 0.14321604854668352927 0.3752471556159067389 0.42426748508910481366 0.85557996162439575109 0.67230556884222131758 0.81826991366416511743 0.24862105041997924914 0.31075725834058723183 0.37767449860939410645 0.0063633395417070819436 0.20355488692957523231 0.03949790712833143745 0.063398994889531005189 0.95436448460394807629
0.6066325230291025814 0.10658862991955876524 0.2973080002549708127 0.52160038921231471789 0.97853389072464922198 0.12228690001095318137 0.8394400482002737343 0.28804356899690212562 0.031611336825554318616 0.67617751622798573559 0.98631465190817758687 0.21820624037323829437 0.60717664504904179327 0.84942350428517620562 0.93113154606281633904 0.58732623644015530902 0.65979290397257167909 0.89451866337964776549 0.90138673652670356243 0.72811418094059171085
0.40049863705928704153 0.033893014753340827716 0.47945453039611309466 0.79581762998218782978 0.11859624109301170194 0.39798983466317845736 0.43704507470686834779 0.65518652349899456354 0.19217726824150261554 0.43531849642752733681 0.4603802734574346241 0.36792306433107021234 0.26322018779099729934 0.7211853564936730115 0.36188652740452740739 0.037646733483334425584 0.86888467579549742074 0.62410847547356446818 0.3481538295442963736 0.66146739511420600359
0.6824657715539539248 0.74680756767822315049 0.54849486345087832776 0.81228541486462978052 0.60141310808736503054 0.29254315958871765805 0.33236492148416240359 0.010384561700368783962 0.88262501398111780168 0.59937023441271074144 0.15930864281083675883 0.45927874896111416846 0.71101935828488971075 0.72950470683728039871 0.72932527361231384811 0.41131832526119729333 0.88688534316037169908 0.053015080530973124318 0.95378298370701276084 0.32709315214474564957
0.4367864759160577829 0.42387519389474785138 0.064057043516625736474 0.47898951018478415034 0.54357634863357321656 0.4328910328379335854 0.57362422719544113543 0.67687392096482814502 0.13237879770122228736 0.48604299195468651833 0.11373453195733100189 0.7878132842369266999 0.15420265102525850535 0.34798594530439980681 0.77351691709147824103 0.84284672595002895542 0.63770050777852650676 0.30988868919423223191 0.63805048395821859332 0.53492242778957967418
0.59202899842793182896 0.48377339870732797352 0.28522807340812609411 0.36072325805518978359 0.9261149693592677835 0.13611097598094699045 0.92519775789817819899 0.039144221057206513221 0.68838925701999734543 0.65933687805607463418 0.97859428015900267448 0.39218001766745196074 0.97105801301228204353 0.84997702103266072277 0.98380737562750230995 0.63499578769243797275 0.77350142357941348482 0.16741258844321579868 0.060710490468040619863 0.22638310531319817692
0.29723059399294620147 0.90371738843692874253 0.059194599385722932686 0.29556812176304069167 0.23423077233532881437 0.1063967080208216801 0.24722532234708479332 0.047109623260480393975 0.96507334170840487113 0.99731609486524252248 0.70744229085942928614 0.12507264152027321771 0.51320983732417982295 0.47589400583777401193 0.82558953538719983276 0.92276434216339641993 0.57357781438138528952 0.949823724510988609 0.77676423841322011046 0.83454177564811441684
0.10057722669191307153 0.38373188404542710151 0.46897809046054440065 0.46384504507305759707 0.35303841435866151953 0.78932679125089450086 0.37430957956901479916 0.41209616611319505963 0.61953168195514153182 0.62359768422597961456 0.77558683598366723625 0.66842223085028694689 0.68009810686057295187 0.95702416152944028502 0.2173977525896671777 0.74697949096227082919 0.65024610434227194566 0.63065934139720651266 0.27678058491535913828 0.34161357635467140553
0.3678621212601322915 0.095999427670322648378 0.14296967558720865979 0.95810110801999300652 0.31478665574334885422 0.72463939570656824718 0.34185167629908979806 0.51156689057065842885 0.2851525286661593492 0.74902270642809880416 0.58749310594757941933 0.3827350710609845876 0.78650686133167011584 0.26688176813137427692 0.41801338912335482572 0.16826897201490125086 0.51152760986457372513 0.39878033671242614483 0.38850449670017395023 0.64723215625586427968
0.61336325023597049628 0.14573539937107604658 0.59119614315636989204 0.57150694350521558898 0.46533388863830557218 0.24670061387288602363 0.76640746579990384329 0.87188311316747122868 0.62136621768526775582 0.075621114318898296678 0.7066802722031595088 0.78667285937103396845 0.50216171079268754479 0.22344088479023738669 0.11366750923039641697 0.80388162401557017751 0.096044213361812134585 0.53662639579280935572 0.020995615141355760021 0.01019241296276978358
0.092574959944858332592 0.17330146628160895001 0.028801211182175202614 0.91230927339771144115 0.1446954123113690572 0.077839972047209413954 0.13714221804107969567 0.98653609460272081614 0.93687407459884874738 0.40070707352394179592 0.75541542788516440727 0.21033065267802923302 0.89072120113060041207 0.37268899181952874642 0.55735503149870551672 0.38614221881900306698 0.9583567547749164199 0.040014504066182073874 0.4636400180612658297 0.32937233329582378516
0.53036032734972040937 0.11757630171162186114 0.43924102058532202785 0.17257398446453370993 0.044814314965790982023 0.92515630132360150733 0.59911355180564373964 0.3470400650112475785 0.69720351118217025892 0.32103839862386817993 0.73535693461423489174 0.27375042123771536553 0.73520661336811934824 0.97421197543787081571 0.44568937656554989007 0.85067099975117357836 0.023210931576533634657 0.48336421753296304098 0.85801442392215542979 0.75524762357500895037
0.77070592932489095472 0.77480709681813952552 0.99639481286261791265 0.081707127741893427171 0.95313382028601296872 0.15292928694079566723 0.77210219155551536291 0.59469404534417234689 0.98528807861830804463 0.72297849125562470513 0.67570327866292990846 0.47979369820664520714 0.0048560789627513014787 0.30323662397361485248 0.69730694496724334906 0.058546127583096925018 0.93859493631679714859 0.012253869984492874725 0.68579572112403297177 0.17720202247742491991
0.80228815154827667189 0.51142974792339670771 0.13899603560393094799 0.59615662792695782966 0.475859850328347497 0.035268852309301789967 0.71682513050596624235 0.84539353776507673263 0.74273343835678164756 0.56037705816392880884 0.70720422505627223195 0.24995473900231467054 0.80802790287102103819 0.54931239445254897351 0.62316983645354310763 0.45762855455371765278 0.55098520837845191186 0.10424580403678591634 0.30123514842569531553 0.23964454508256866164
0.69009914433478453441 0.079134746044025813165 0.37481188457796740316 0.0032521275278652959093 0.82378089976116585321 0.95145832761585774775 0.73561154215507021414 0.26440185936252487132 0.49846186203095207149 0.92600890400393298646 0.46445285699027613651 0.76717523640064271342 0.20277890523543197531 0.49014558876701935791 0.41621928296586931502 0.18250861903053932652 0.9240201986128300266 0.29645177421237324918 0.88424897325052910442 0.38186260772096341674
0.36647225757434813241 0.14973670787998391888 0.00018260230846278252244 0.55371129304205188586 0.27333466627429948081 0.6566517629863450131 0.45627891199507583897 0.57967253843443609403 0.097584745045681577037 0.60087623538756622832 0.65459046432549372108 0.8712604783991977714 0.6204480838599052708 0.51533417150243697669 0.19650492626658294903 0.20260346879935747306 0.18905104677875323658 0.99276946083250229824 0.26111641664333501206 0.37712371105441171393
0.32915708242504743294 0.098498493008976260063 0.14334158306237644793 0.18209648354353913591 0.5203701358851796307 0.58597413024561078318 0.92332172554889244121 0.20314064943293358439 0.84014510504144108717 0.50792542212039596859 0.35296093784475417247 0.70812719813059692771 0.81654345676324801764 0.67891195526983918128 0.53792714017912571174 0.10685226246726395945 0.10328926875290504891 0.54851514111338410068 0.31866257354114640792 0.12791771899934188472
0.46886288396346946397 0.50748499929926251597 0.95541209100038465048 0.88086734495246068604 0.48418656704327366422 0.25566811257242226741 0.64443494200132157504 0.0081033189800994404961 0.82546971632126086996 0.013557571972163186193 0.49441143665607796873 0.32459384191991647571 0.24278827108248169872 0.35075937904207559463 0.39340330475588542819 0.25175545313372358724 0.45389116185421891296 0.32478166389424776184 0.83229994265789546695 0.89369233484274580902
0.26666258685956134653 0.53476732537113471738 0.29013581503007210662 0.6723654337056368677 0.67328924333379925075 0.59973647771163453226 0.75295389275229581951 0.47746933224740529644 0.40486247534203125697 0.81713101210417571232 0.12547632337651470181 0.10781919794060853559 0.41722062481210152887 0.88432661212656682041 0.64643762804211937642 0.77116545682193676445 0.35486290545313777097 0.13916027045764032687 0.0040395667724250037558 0.73050263882085462807
0.43134146045482843734 0.38869316012980069841 0.62063287580712677159 0.55728126001100599909 0.1116836388050539069 0.27871408954003352125 0.17641033692535686497 0.18929592458483414629 0.76457961758931029036 0.55127187924880825354 0.84973687992402692715 0.76209240331423498688 0.52546670026392937699 0.27211498565650079533 0.37402527941271769465 0.072652227082867148198 0.57342094156076854091 0.14900997984946849493 0.69873426531472064522 0.68461835095095169296
0.90341856202201261457 0.79863953879433629884 0.36659600957097812439 0.79908007029367775854 0.5763459815027709774 0.29098407529417981529 0.77325365303959402749 0.61013392797293299394 0.52426497429867117338 0.30423787431623743174 0.2266273099728273588 0.66321176523908912677 0.81452748408648960473 0.68920557853748198337 0.51062796279399596042 0.66836022828027574424 0.83463268183470363821 0.57622796371616529843 0.37181593674383255516 0.25752704911995572294
0.023758471501483775052 0.072117028311651862208 0.35094393998966741014 0.060470323695140353894 0.95656608860222829991 0.44585027614525715305 0.68236691828642252777 0.094245773246555634333 0.49084003288856588375 0.96116762940746060647 0.050627807299623544222 0.26665509923102699406 0.037742703471849186681 0.26027192397570800172 0.55994531724699437067 0.1182710745934380053 0.74081731896431624816 0.84809246088705791353 0.49609450217624980205 0.4780113715984046602
0.81989190492060511648 0.54397076807158876126 0.90483341970247249686 0.81897794063253903917 0.51141236579376433014 0.87089841736387603146 0.90738813647295879381 0.60993497636934704617 0.48570932015914409477 0.55652270069818425373 0.4285145063139492391 0.83792783763257317929 0.50851695058365153343 0.81377569673435012877 0.78619875556594180367 0.2855318527073107209 0.038801832615946096287 0.15120141096162933005 0.077420031538595610759 0.22076392129249110692
0.86838245578186966459 0.54635165849479691878 0.3266239227066004205 0.25472008354265700215 0.99201742628036753687 0.095425837918190553545 0.46098693184407522081 0.072871306859446849846 0.95085469172323044897 0.57697516030168491386 0.17956417210736696854 0.53695874744369972281 0.35434462445158062497 0.51819841701559761314 0.36522832113444549589 0.61785102824644682126 0.4050533051524886068 0.79639541669566504649 0.5545918614535217051 0.78795806034790529117
0.34449191488323851042 0.35444313188691908449 0.14832484531302272122 0.33258287236696267524 0.02104695379561507141 0.49443856573668663206 0.26485778356090066782 0.52045022283304916789 0.96799122054925911419 0.20432721657735112062 0.35878634612632837573 0.75533698729421262422 0.27837768300575344103 0.96139350970406738827 0.18015090566005687722 0.80991128217284501256 0.50540814467181120132 0.94480483994920940117 0.21940634887344780346 0.99292547727088447469
0.54599511544654479668 0.063528578888238334708 0.72669611130553220702 0.30751717944560281543 0.5618248760713346286 0.37943095301461346322 0.80126426554771886988 0.66551213564220271305 0.83571598814833773951 0.49265899752625428486 0.49350098793014252898 0.92286895259775099772 0.1649250000811897094 0.46703821975134802833 0.7433603983242358186 0.44893789214836326602 0.88115632358312427717 0.2483139935973674205 0.74139042777724976484 0.4527052939411366694
0.53398344796366698536 0.93155014798910956892 0.58185017007828958085 0.61221094976484361806 0.50091924467299316456 0.9293767602419811111 0.66768089646909480056 0.91413579575776383288 0.85150569419553956505 0.4617379076399438974 0.49389491248507420178 0.84749259604625558963 0.78672411687648289511 0.35154775734168793228 0.004118602776040819187 0.82964521241075497832 0.26396168275976242311 0.56007027855869589885 0.4129552844674220216 0.94137687539560446559
0.54621033390525788122 0.45028629702216504559 0.99543581217362436217 0.28401701510747857785 0.7005550272227692209 0.10360997248465349263 0.57736215397868682474 0.5284612491147854279 0.56446194389954998638 0.56329754870120995536 0.59390597510412524498 0.30424780709648661204 0.2083955688726311068 0.65826215649730663719 0.2472344487805959408 0.45991261061937170244 0.41276632651896752213 0.97160784553982696234 0.31870237853715686503 0.81031989113514101377
0.25705729255047079829 0.85333820864152509675 0.81647122638577602908 0.31106434039332500185 0.53818014736132492793 0.062980141713249123347 0.2479020742077820169 0.050585240428666642233 0.31285404309000659372 0.052238875342728204639 0.73421006146118547494 0.64272188379997452457 0.3991257863598662023 0.13747505719135552822 0.88472146454912335142 0.96277582597329114687 0.51436529000332312543 0.92387066181109256711 0.094671042110045581217 0.95306276462409805333
0.10395334139080315004 0.93737930996841145137 0.84771351298685397954 0.30951678172147547831 0.20420179965993469552 0.99065957718439787909 0.78654697932908864132 0.16586589778709630419 0.09138858066066615608 0.96956127314477556984 0.062555796122088004466 0.93474990239181910253 0.47493517812216495995 0.62285414054711620165 0.32660642066290641205 0.080560245367344961035 0.68035930454829701708 0.42118328703308005947 0.93889009803065374071 0.2356714139903603276
0.37449701735497100286 0.76330121772345742624 0.49286461779900881964 0.91794230480009080106 0.55991725578278343946 0.43512191535587337309 0.88579013177501983548 0.048753904667264328244 0.60043551953879407821 0.31480718785023570556 0.12145964441164581045 0.23408402135583453895 0.021216659604600828946 0.93014932240108915974 0.18409273071377561408 0.5929060493693523517 0.82014344041870443911 0.70830038578943447494 0.11263785219168087712 0.93420066989415745048
0.21618512638558537881 0.65874018234573728821 0.49200042553794103755 0.85280768064678843984 0.67226695237796333347 0.12280521358420665043 0.89374764369275176961 0.60755211695617830745 0.79846115182597944473 0.46231912386169593342 0.89440248920122321922 0.56919168069473410898 0.70072318741298252585 0.77110239974921128967 0.30456565318766415064 0.7309467081363137087 0.73257216236380864514 0.62290730696320783887 0.2015470152001728723 0.16701427444911462841
0.00698589026805906927 0.26307338435444794003 0.86298338795192174484 0.39356271839509983585 0.33125106925390212511 0.21558053980687037592 0.31794327007807988679 0.27164225682108130301 0.78014650668168703012 0.42272648094925118417 0.89653197898597612877 0.50255084632422534514 0.25191976928505711077 0.075428005297137273671 0.61121786242732177076 0.42841832786767072128 0.84849794880463201688 0.7497319073766251268 0.74062683534089101775 0.23083176287444780248
0.84631862996193615823 0.56569479045144663255 0.90862278278795978622 0.70072146889297917308 0.58512670035784936936 0.45871585941309607823 0.61363809500979436129 0.21698499923428518665 0.76668700478809446964 0.23100448716305719258 0.58098679999008948354 0.64286427732243385308 0.33638476030517085755 0.69490942633691857679 0.5966830954209963614 0.79325175921436011812 0.6813259431695368815 0.91882903743016863687 0.44448942127209959882 0.74106210583449101984
0.33136901246086064289 0.8422573974059027038 0.53196763860638944114 0.5437743440563946862 0.51185968436788580591 0.1192703605583395267 0.72805999287502979288 0.74871959091734013435 0.20526678914375168813 0.73157498682166248742 0.96482966361119029572 0.89930324582410433074 0.91318046317755347354 0.50974008694207802568 0.14234466066758360859 0.95061359334125424176 0.030806687204307093945 0.76654071048916680605 0.50517486308613114484 0.80133553939338137648
0.69308346231482012708 0.97659203088545306563 0.6645679848860570088 0.83015413307973394321 0.83991408209093269967 0.94987023591636985179 0.41128799305187907774 0.62616449986581879718 0.44709988479536173149 0.16847686746584866329 0.060230720317617980652 0.63864657773703048321 0.99171711969212056911 0.9587092310688042346 0.11821365536136629561 0.92632245573593251177 0.0060065276634497505445 0.55265185115058107544 0.6119066885547844362 0.37790315896849215147
0.46475093910385655856 0.30232423200099772142 0.94785588739757070339 0.33709775610612038995 0.26826046083476704927 0.78436056109876528758 0.94538968741777117041 0.1471791646082964428 0.24322765038240773563 0.051073055277231764796 0.58170818249125169272 0.94320327578804134908 0.63327133089585061138 0.78522373815291141572 0.94914533316043576668 0.28099943712970913587 0.48122302361641291054 0.080004200581412804815 0.67770767062759972466 0.7253598821151060803
0.95393790859241299864 0.45343942131610619602 0.52626031705005908771 0.78056933645895593837 0.54699912108367943359 0.68136636223000804385 0.860622724899925884 0.766487713149175923 0.24504588096829017638 0.47342866563002799644 0.81401872557150237148 0.36305422341643560173 0.028923480619475786316 0.62609221098740884878 0.72830502822769297729 0.28157082448714820046 0.74498879258034418269 0.48357887101490807681 0.027595054325417899433 0.27864919177968664111
0.49239592097624037544 0.97548388781452499691 0.71437992565937147126 0.31432291671766604091 0.55838036784758369319 0.43128644497600208924 0.99976287161104405234 0.93958467889758812629 0.54438452051006979749 0.30453038609826054496 0.36296105824400435989 0.6375802622614697542 0.27133885947553815844 0.47213443548029845588 0.19661996446792672253 0.099729159224351130234 0.38399975470259771959 0.42914000893058079736 0.6392909848972355825 0.30806517788993267724
0.5128744012885341543 0.53979312168753064259 0.43711727224853543736 0.1360753992297998438 0.49008049980045386096 0.24537333581207515715 0.35664231509191438019 0.3296413716971723765 0.28682839921650431209 0.32235850133736131302 0.38901501277559916994 0.78338360230391656418 0.77365699632665019611 0.78199194859579004976 0.34254596923502984038 0.69714280230906130808 0.050125170310669348245 0.70348104760596004442 0.15282328394995994657 0.26573206832348498856
0.97361365305196676326 0.36889878457238211055 0.36897370224216188687 0.071876962234156035949 0.94696245750263728863 0.91775912661532673266 0.52670177292256249951 0.94459537685115151686 0.59722712808066491974 0.10022701711653396076 0.028538695748495026964 0.80406625138914422901 0.30259733831755890099 0.35742533233150246546 0.68306435392473527466 0.3884179453676884613 0.44655780493149036523 0.12714308463666207605 0.84208842700222637413 0.5065490729628195633
0.40062999972134833403 0.88119033602407526631 0.87119427160047736765 0.16997272365929842937 0.3792211372034721363 0.32518438076859902311 0.16411797355920623069 0.33684115741289013521 0.84199500981428930968 0.98283989459179350358 0.81919366891781342054 0.063796894497999696589 0.89853240832722757375 0.42528532084626702276 0.51151368195673843311 0.051336250459939878818 0.50387059076672863407 0.13673827860177342427 0.9784395573036552875 0.047390178188131690707
0.0030733638487448159825 0.41928038394025403634 0.38195261660624920297 0.34571773247048409589 0.89931405393233534317 0.12109463547257847158 0.68953904680740078803 0.031255110179589401574 0.8000600711893122146 0.80710553186948270123 0.72589820807018481355 0.059790877003970856066 0.25254919424660174506 0.92336161670464989959 0.36182809148308970731 0.12997267188777697218 0.84991123590937604001 0.8292907397706327294 0.14136513032889560642 0.66544363858954350317
0.46815446050696295612 0.52692858653300837573 0.52751388111897667271 0.48304749494560877466 0.54729429364400686937 0.29081650034482072164 0.42393903077663050623 0.63027306279170179512 0.54477665782475489489 0.84688821661958087092 0.66542480337043246068 0.7727318117383339679 0.98379847045146341563 0.73538134854708291132 0.078452690336073273704 0.68993367696275404339 0.9193503284410896584 0.79565428420679872826 0.1427840434889134673 0.03046323943560345736
0.84712404125781869964 0.044959496664842017863 0.81299169454578160718 0.003646303627235814547 0.016449244032587980238 0.38708891650398536094 0.4237322598071082118 0.88580273931405098927 0.10952669904605992452 0.52682736326423335949 0.12478482081062393784 0.024774201147727368296 0.88738938269586639055 0.62475121673447278175 0.94567855629756796129 0.82476272621188744791 0.011985288128501198101 0.58786808620494963081 0.38986889844924171275 0.22286715698304086422
0.14413933433569570982 0.26250753581791031588 0.74812745162224468303 0.088917798079347620257 0.62184796995121109176 0.44549493427598856299 0.10378054760070112465 0.56574964248910952265 0.6122260179591697592 0.60583298452220792264 0.7348118423065487154 0.58626810147532434876 0.93248790938160733277 0.39368612837404862561 0.21072822013552217052 0.60068485634904823886 0.12053694555173417256 0.84606268479546997295 0.62195741491444302693 0.77492199664309688756
0.0632382918400042752 0.64377365829622688854 0.038035126088116380668 0.39372175982186435807 0.041013793686029502569 0.46383938156552351108 0.021250208807790117976 0.27358650349502520842 0.15704785618752237832 0.53557725182827097866 0.77852826330625105945 0.18906736891547698423 0.55640646386048145356 0.53836059898746187766 0.67175272224154753304 0.60518607434716741489 0.51168878648105098664 0.7550494256331049063 0.33939046714440525976 0.91241096109722769075
0.43936568406829715639 0.75773717595704145899 0.84407746526806445554 0.074283800041351144387 0.91300746856275713243 0.37758276660215046232 0.8194516509450331556 0.29250506094181651036 0.60021405066725853135 0.77810296789064142407 0.75975739711567935939 0.47057089988833979068 0.34025403637094912037 0.20565594093944497707 0.53525200610762662144 0.27830534469260166165 0.46973505855065939593 0.32738644547648536754 0.81529223366193904359 0.2194314716367837451
0.90605088902185532736 0.90725496460746529498 0.66271173623656487266 0.23654909791441990183 0.076564965383850741522 0.32662470219605167619 0.48689194666892711703 0.87745174276071714707 0.97819094180947692083 0.069480694707239124268 0.51501297884465020412 0.46858909907983031909 0.27725651427294285953 0.15941729644651494085 0.63513431287018578652 0.63718727956707835733 0.93687299110144003873 0.91573763516228341193 0.62003573457574874176 0.79751816665118224314
0.79723657955562827099 0.21015903379921900801 0.82741511887872076184 0.35867447718855259656 0.40038175824891497428 0.99338302715288237158 0.48775627802364378147 0.2100457035044780243 0.79289653632185274436 0.7071379161572087863 0.51712076061737020818 0.46022346473860078711 0.30781625789272867638 0.72867420673856021324 0.044364229291569985962 0.98507969138991100601 0.34435141162417347131 0.36609850581433946761 0.86915025927718201265 0.72076066326935580854
0.83592978389757028348 0.20988558620763443321 0.42475223296418633371 0.11935053623154407701 0.024376709139419388943 0.033977638210608028253 0.56612202028416098369 0.043324926158950659478 0.53019339859946149301 0.16537447355380890642 0.73859053329105342424 0.74152930938473939889 0.40534653976438896018 0.84121353000304045994 0.76093764410315446978 0.41704011550913452834 0.87655094332283009132 0.15470081066337553529 0.051786444342770669485 0.19292386922910637119
0.50381735059846153712 0.30026406129361626446 0.66693457026466626824 0.5077009662449633853 0.95012932246730601529 0.62736574287236577391 0.55359284217225230434 0.79193011568163095232 0.32733684502477295884 0.80313128326022071343 0.1042538006302395708 0.24791864040769486048 0.091947024103915907971 0.69208042392843968464 0.80249443292429870284 0.80821774292816652899 0.99636722512507995715 0.79531862671569729427 0.369865422476722754 0.68912755147391889407
0.86053025875437001724 0.14573645995955946829 0.15444974520806497334 0.96982806156332266115 0.54245810584540881403 0.49321235465334202231 0.86402273486048053756 0.26794822908637979801 0.91629721503930554045 0.49005559859475774905 0.21024451575769420288 0.36943099781941013057 0.61801818802562051905 0.94229348540988315189 0.68798698291825105528 0.63012084908016760548 0.089443867921175263436 0.91273951926377672547 0.95112268580554072185 0.5339317217203047029
0.19545872623154950928 0.69630153230419669771 0.47934999842714991365 0.68378413247344280878 0.11994010629688277628 0.78728524933670959127 0.62210509115187332692 0.4916589995907768744 0.70026541700820984859 0.96085203316079943964 0.96377526418759354004 0.65198864605851031289 0.17541635234725736192 0.71420869200097121266 0.19080786928232924458 0.051243573394678524886 0.42869893153526245473 0.88345546211109337898 0.55089918503011864375 0.73471451288282629502
0.26336793054721259764 0.46716535689519061536 0.41230013963013563064 0.64262785332798302276 0.79930676562571791158 0.006713115750415542119 0.99832253678453868425 0.36995806772986555985 0.020025028002094553861 0.034320845092029065681 0.68571623474322324098 0.7791441425783748182 0.55464894225947738331 0.31949104410183574624 0.0022235245153637885345 0.97262527788119174105 0.50421310326194662563 0.78600988964235180809 0.60178003367517491159 0.68367857568791184892
0.71812985709436573574 0.15218529426705524558 0.82741713317830197481 0.97700827883825758089 0.1297187413653854601 0.062745583687384949372 0.20968474961486012443 0.56087604155996073076 0.14026787024456260537 0.85425220370386353673 0.79030374287059480034 0.60376616833669598293 0.9970292827325403406 0.17326557407512976954 0.29624885671482986162 0.23312005585000856171 0.84418929424168991782 0.49090425394436571123 0.57987517383369739356 0.33851764640731595902
