100
0.62241038761660232785 0.5248838674196050793 0.86368906813907414711 0.13612988417898449703 0.0074589617159412080201 0.79933688802530710355 0.52030945145639689566 0.60542520498080014347 0.42788615886905573922 0.91990963874779948519 0.046551999229284608383 0.6083212854356750007 0.32719287952028760298 0.53427278147575550671 0.026952378644508942127 0.45862423013611478294 0.54806375656639963093 0.75201635165140513523 0.41946618829006875322 0.74239368926856792497
0.90183651945900667379 0.17211247163189241567 0.75185796617204847124 0.41642224239928296017 0.73518918680617899238 0.29445694058657529953 0.66153195429416097059 0.1659605198716794519 0.45274287658995922127 0.86326355664566649373 0.49488433119472001015 0.80480556126316709942 0.9762567182955464693 0.11859127865244835072 0.40954628974286100046 0.11846751004407716492 0.93134021376100013475 0.58100975102426272124 0.92486841694679900074 0.20243585528679407519
0.085847188529549587504 0.075530580771727233219 0.90041893178390145104 0.10828035445544711388 0.62121372346541588492 0.42747873785049592734 0.15514350890096814851 0.48140485732939725084 0.073138426742685369185 0.44569352850922303353 0.71931974409094292535 0.085314601562576595063 0.013744438527560271554 0.58460443855388619864 0.78132553029146082702 0.80501518765779556797 0.55939797983786175269 0.61071535901636658713 0.55687489656404341357 0.44770122178897572851
0.91354429221244517302 0.031331047042587568832 0.62298813749200959396 0.71252300740069270167 0.33206991813973650953 0.076998544352571188861 0.40190116665966131598 0.32063033817824193502 0.37504188549671594677 0.36125675252496789017 0.97727880591581562812 0.76918320182713722626 0.25707695287515062272 0.60298058281176802398 0.062144990852586802423 0.3189340572056159472 0.42558724061964697778 0.50951314368226912477 0.34483245960811638621 0.090262288170400976298
0.17347723541230070836 0.78284518300834692598 0.38625518157218483408 0.98270913967305590915 0.98776280935373816488 0.60147175162864565848 0.095716935726140885056 0.42930075986969464804 0.41954099974069526625 0.30390014267816492624 0.97492497224441174159 0.47316725790143230099 0.15139721161716380418 0.48639942994284160026 0.36090280575545568702 0.46639408551691062424 0.75333368256665764282 0.23197030123180115271 0.88744542598490596405 0.54783532421590409124
0.38154766082457452592 0.35959799022052536929 0.62588362575081111442 0.14199471117300812656 0.80583526695981902248 0.33718151505863892819 0.69993458662464722275 0.26476421175187569301 0.80433447793206568798 0.76761588894378183151 0.93064462488228545407 0.77373303553646927171 0.28763799196238447217 0.30087964960792961544 0.85268936691545230003 0.5083806639194905526 0.7873702220135965677 0.61563548791844838892 0.3346622813117813717 0.73480769370321007312
0.90743533693715377596 0.4590506843746755167 0.56932173703888240584 0.85704637773890745092 0.9895333180527181719 0.70980215172243316406 0.10060698969365802763 0.056882607586493075962 0.47669578557148262643 0.16176924676976087798 0.53705838022448282347 0.26917314450333185491 0.35654679542447684709 0.5315245265471143621 0.57664066246976870985 0.81324608933536540956 0.7227124140361119757 0.19154428526553727349 0.75933360805435043395 0.48796981966542307745
0.6768800556995313042 0.62910372524597878347 0.69040111558283478798 0.76324594809334752774 0.46386482446890929863 0.23093900420006800993 0.33168297323462987594 0.59122584148995817414 0.67094183882627877346 0.15537248130350677153 0.60862199361874197434 0.51180558574464898332 0.51497452738512687999 0.17248321012664524467 0.14939188886161854108 0.028415675609864969988 0.98776158422860222162 0.80093026310644050797 0.69166656868384514842 0.3704678667657048783
0.78737153179016014352 0.122040248060277106 0.86077408749113626477 0.63501127937410610893 0.61651650414652957359 0.86987555255269417913 0.80380911286583735611 0.36416359668051618512 0.57111634560243887301 0.35920441838522070179 0.3530567661574479883 0.47870746147725962144 0.13671012055646508036 0.015880487814108091476 0.80748444873170664683 0.77689527483521409298 0.67463094248276708824 0.57432739512686832052 0.77125136061443007779 0.49520609696916349519
0.80436359711720422847 0.92882112098324465867 0.24975679136395739928 0.7713506760243302202 0.92694107942993231894 0.34680785289843612694 0.01834325586437179006 0.8951311623994069529 0.39369847831244042465 0.85825056079213099937 0.64278466957339666237 0.80015837412622886735 0.7814581767435509578 0.085374575793324031486 0.88028434765157130738 0.71324009082897374504 0.013196404856761023467 0.45330325915695334475 0.31715473713994639528 0.089974056967269184083
0.96101870651422024392 0.020575399116376624884 0.28707641408275391866 0.43526782360408616633 0.15222959066997590101 0.042235012635873740272 0.43528283396257962242 0.17035113010059825734 0.3715447166562288425 0.57957951324443993617 0.42266547573614689025 0.75939401946029561064 0.71801477150439856967 0.10998598978009942797 0.85713136886188681754 0.50263765765988020003 0.27733352566440831315 0.15458228619157028547 0.29339978772804115715 0.35251011764730207982
0.66109733875367735514 0.20653813305387237352 0.2422966549342284396 0.10061350235150026477 0.74068722165278787434 0.29424076493711156377 0.68257844754614383371 0.27031842466539179984 0.80411114378454405483 0.36863254938095870556 0.97960312174141818425 0.11034440420661778006 0.52931796870584132936 0.1067016400524774429 0.78901927043482832308 0.39492346602121670052 0.9190205348987516786 0.31764905317441992865 0.44503293523624956699 0.35732463292352192169
0.88426910433696228616 0.46714499534709615905 0.22306960584918120481 0.073854557770132081627 0.4852691817934770444 0.73485736119921488211 0.72523915355975191322 0.84486900094257619324 0.1306551837649481454 0.38172981364670203943 0.68781259413109660663 0.090117439472834365765 0.61961166876853153587 0.62941298393364457646 0.78510510378011672314 0.8262213596829370238 0.21508208717638671104 0.25263134284440438295 0.56804398685140932302 0.83551423523702464879
0.390890797589042691 0.72921065530546788018 0.70893204342428022246 0.98635735376437676892 0.56702638222191085717 0.041789128813222368173 0.48661179694387524618 0.65682490342732792411 0.7593312511728147697 0.69198894735680855798 0.017155899332298243508 0.42100917050383585954 0.076658701468100578255 0.73608717102577067532 0.36235903409409190527 0.6679910726674797836 0.41243698860964053189 0.57528976318544135048 0.90985471598376319773 0.48000276487050424806
0.39850966172006221515 0.92592952144595376041 0.83483579832490453619 0.69358658289781081554 0.80058067411452803159 0.46434430001323985911 0.82569584765184766967 0.70940428660261769725 0.8568342312397526486 0.097341293853803078273 0.60411618334561481173 0.002827919120891770363 0.43113805619035017966 0.54631335105290799368 0.79798422786860373691 0.51663172995207254688 0.82361767381806612196 0.22137696219349468376 0.45212156007233115189 0.96531684808862415188
0.53029892023556955417 0.91649819916095405444 0.87505523883339291895 0.37019714233464036553 0.44326896385092312769 0.75348281922927669865 0.34838767468994474537 0.7846546190155475016 0.29729260924387307293 0.49706161627893350981 0.51914937810284086391 0.23875609715666264014 0.81796963166222708743 0.46115429709332164356 0.32977894290750405052 0.7311290875107158909 0.78673074978337557088 0.042480111004362292569 0.48021568951517200639 0.31510303045663053232
0.83544971339202416151 0.38368073222947071828 0.097521865771139360597 0.41199893751877216387 0.77785911291714953801 0.64197070351781709163 0.86402756208888288375 0.72723477589253718355 0.77110426355282387826 0.19082065828644002723 0.27139243004127516735 0.77433229280109686429 0.73273927386267260055 0.99914429317851260077 0.039693032372388049596 0.39790422623621556747 0.78260898703377981226 0.78209505888049128165 0.29740619001895905233 0.45558590449272444553
0.56337950655856268325 0.73617110962859702274 0.29146263117541866479 0.63295921378303091401 0.63006954127096262712 0.023878080833613281905 0.74759758567419143534 0.96479696522915443774 0.12743040605460648066 0.44693905016071708888 0.14345105823389711804 0.19014830883422162314 0.082004442318201552383 0.51354790732801275491 0.30447607426336260845 0.77135642497852496753 0.40588960454123883807 0.49279309575629331959 0.74029962445666973797 0.6227338015812386128
0.73833284811403488709 0.21991314953649557473 0.95666922129547704936 0.62470499424907449345 0.48106318314538664115 0.48300303194448486455 0.62125535663033977073 0.79340392256556800633 0.78755804060602035743 0.23108867511953975257 0.030057067792898195155 0.72252246332132929909 0.82413402699395594197 0.45365622576539393055 0.13440358052592386189 0.3774698048690536895 0.52331213801623228157 0.80156257993341946524 0.32875631739146878339 0.033112673189570188126
0.36607375105049313926 0.12562164286964089087 0.21748507344439196583 0.97475825272079941587 0.11489661838356131601 0.35709564612397219429 0.19067647725911544848 0.6076034480135657151 0.76274462016748447975 0.3936436549996394307 0.15148680701141593419 0.091025108880137821376 0.96740443519555992659 0.71271257054408801988 0.95850458258042686049 0.097561199241612111264 0.22663165353682876495 0.58421486529090864019 0.34026489955442703217 0.89612721273022716701
0.62498642577866159024 0.47368601429524221296 0.28490854480546414174 0.11303978788431717566 0.3173290278682461673 0.86592552331088412784 0.53062692378510189519 0.2193039263211118224 0.80524735334698071805 0.36070046511206500805 0.026448188588500310629 0.26242643990504303998 0.57281267718786250433 0.2255876968039440276 0.91329161796311560638 0.73708832930006348166 0.029514783626628874062 0.41989266704713307373 0.47736484835135682339 0.1003921693421198315
0.33770189004930036437 0.60883018215412243744 0.30454683782356454646 0.012074532805266302712 0.10777593410803533214 0.22060519726064845215 0.50367309963732790089 0.51243354208794626134 0.28599486819686564018 0.41154874557584389822 0.65553242300346744041 0.47711219470105671749 0.24277506146960272244 0.13805659875559051685 0.736426264710961141 0.64194984759468601482 0.63509458922504239585 0.27285112240954031331 0.12409426034812639687 0.60338258696922588976
0.84782189071980198429 0.5988920018874829014 0.10975016894097143092 0.36399959222667985302 0.93888780556598778164 0.47395532739435420938 0.92857871366585949989 0.19272496017890755783 0.072597392676703690327 0.565542187355028744 0.85688497781966182349 0.029889905856750658515 0.75093433314321482024 0.032623406998765416105 0.61804374939047818349 0.72235702341818201273 0.67302900188801097268 0.59149125055607735564 0.74285010529601855144 0.019556107604606237399
0.63752259535684609382 0.24554640243797075443 0.72314350654848533271 0.33872910554897337225 0.65390098622929100744 0.33128028611533702664 0.25158026278087206138 0.57273888491484076566 0.79198834300715221824 0.73748162571045198149 0.93321011083424105923 0.4754819238406330101 0.67811362058870420605 0.4104940038851002181 0.22828042611963957097 0.56030462446067122543 0.72792188896071477954 0.20909352571382622943 0.5643264921528435922 0.083190636010868732443
0.90917314832476909159 0.24134744074938945267 0.21355730930973480802 0.096358934034870431665 0.80597445428759622649 0.30441895898414808043 0.55434340535090242843 0.35623339411855929046 0.0075232101988435284043 0.37659145352651439149 0.3338518130335869174 0.59614462712502425492 0.27719594679808396998 0.42696218272606511888 0.47349033758253940339 0.077533528177791092553 0.35166030478825295109 0.92308602701398739842 0.87543935621772295274 0.45199486118310088834
0.64093178333086715792 0.98238929405873526101 0.76315567424870425783 0.13770697744440047226 0.79320490519015563797 0.85653133001552860925 0.082637248483007074177 0.20783813869931534377 0.11565406677868106774 0.89531621700570143658 0.4995879663205248685 0.9807102391253765497 0.42156937626667191426 0.55824656673458365248 0.16076213457348579726 0.80428364514632780762 0.58039052186947228697 0.50539223460023461828 0.79075156181467839322 0.068474370615366202445
0.033101153518970855027 0.72441675879247321312 0.29449794539587681881 0.43532601323222663142 0.26123532768439185127 0.9097733117576285305 0.6194319805657518742 0.21047736499882776801 0.59196082911022526073 0.90570681470321208391 0.70624233997966074852 0.015199388294909688829 0.52689418068749416929 0.12844271145676723617 0.40819576496622944812 0.90597324383477801659 0.43150580428934021029 0.17333632186854995322 0.6306416092399018574 0.27574378505635339432
0.72257873179372779349 0.24291166721852967543 0.63793736231825134319 0.068423890044227623261 0.77555796433080566267 0.99227372559685111762 0.81274325460885852711 0.50476783043032411226 0.12597051031858480188 0.4753308273125839176 0.052547167175311932166 0.030925405619735578605 0.015306462303173575662 0.074478289409123184749 0.90539263553997732543 0.42275311026487277062 0.13352417124751843379 0.0050513183299734264664 0.058768284510439302215 0.25352540336832139593
0.99940674836556628075 0.13148890668519030756 0.73243369792318284244 0.68084501575064005366 0.99013071678333377612 0.91730198516375659217 0.99627207084777254974 0.26812005113326363762 0.26029062063443702288 0.48978242381148227386 0.026207160772465259361 0.81997699482868427852 0.23213111100173504679 0.70738622259316373097 0.14306275925891263987 0.92889877938309245041 0.48095477646177653625 0.45261311698361318163 0.39460876720801409671 0.35174269634872719104
0.07598868352226722763 0.31912580615686949508 0.93135114233682908606 0.27628703469640112836 0.081289719517931301662 0.74894475296219992021 0.27161667349352913725 0.50073183796836205292 0.36091744563753648496 0.99923981862233615041 0.34817049896986604964 0.14482581768861885153 0.11426674096206354547 0.24145421775764853902 0.86294813009561395462 0.19406284693835897933 0.71420715065532897829 0.45395052752684522174 0.19819605181836931945 0.91280610659918037445
0.30934931899409809787 0.76626039952379436816 0.16344468381925378228 0.46407088337107539714 0.032086488431987391745 0.81392088682559968015 0.85623479182505197468 0.12852361706275368543 0.83123522504206238015 0.39973180708539398894 0.28852302990476661642 0.24620544187358840861 0.38020237215467322391 0.083087048295677532416 0.80438664048606527579 0.40328261184364563033 0.93895052966753193911 0.14462301305092779694 0.68907973970722559019 0.14998083697376053225
0.41499210439011780443 0.69924953316250852654 0.40371497701091043692 0.92287358501547832421 0.3259250819713496993 0.90120075227649896636 0.60618695180570852021 0.10885288996835199292 0.8250363340737069404 0.36719626884695406697 0.48958149121430862612 0.15964942748652613769 0.78748402671371983891 0.32273322186390582017 0.67932700970197680036 0.47266655232030696125 0.98218734812158195392 0.2569659728733978346 0.37372942077998363568 0.98865770846759587156
0.41861113506054787686 0.52266281649030587984 0.16566511162138907424 0.16282894525193271329 0.24772169148728779328 0.10439137964059286236 0.80784760367386990686 0.46453371615744425198 0.60594144339350804147 0.57060919943641187266 0.49360363319116992698 0.7832707134061910336 0.63041035455300753357 0.080157689892696887073 0.5560905950696838753 0.78074108731164005865 0.8601923257098101708 0.31554104749368634897 0.9607287062746407966 0.70122066068297816358
0.015918231449912792052 0.60300781208271254886 0.063112113263259071781 0.36771743412906561684 0.75339525792494580619 0.19875470877842221052 0.56805579176866290468 0.89498498042646515286 0.2896691313771317489 0.27124452786914764543 0.15580421316578029817 0.49623533044111571729 0.79887586037435856913 0.21071529911030080826 0.9171076826593896224 0.44430304472048636681 0.80465222222207691738 0.57430646090407278187 0.30458950069395509218 0.12966912077490323752
0.29378088443365410709 0.4157934540731071231 0.20661785073529960065 0.20468257929021237856 0.55221488324790151932 0.13608228586086647602 0.55038713116689892333 0.7490661767958085269 0.069513543421359458622 0.76199524891599202373 0.90602066255148266369 0.27875175014897571188 0.80550680928704243214 0.63025358594558549886 0.098307862715315528037 0.41990255861874648175 0.90573421607126609829 0.48103889141966565203 0.20432007030171367868 0.30423247023410092822
0.21116155204096864512 0.22009223123707285559 0.57138202197501365242 0.15117098152335914211 0.90991889839844580166 0.23372219330324770447 0.4860687668784063002 0.40569605384583533369 0.96031253862468189973 0.44746529176888248511 0.73631584739171380733 0.92648705468629566237 0.8396242296279718319 0.030917647701627199298 0.20883368146308477442 0.75370813919743187071 0.58149071482570565387 0.98105921424050951732 0.62596673606627746853 0.54641575300963410625
0.72697934946362306681 0.37779260389092578557 0.69475849385956403332 0.31944109555229169506 0.16669967687880861645 0.58855674131866244752 0.82678952654997495386 0.65465311916587267478 0.13834007320405434838 0.21010082305002012739 0.2145574504930540991 0.32944486177699933843 0.30328011466910115339 0.76219448037818335226 0.52273327789951263937 0.60105897739682884396 0.065328130492373222206 0.99966727080193975603 0.69708668872724195936 0.060198483840777148592
0.84121632137127689703 0.051288241841474007646 0.86909894810703017406 0.99978284962859955678 0.025876915693041925885 0.50572523682640629309 0.72352430653715698981 0.78628426953583687516 0.24193397892025806723 0.50377693501819502479 0.80404304586913469385 0.87873938945561490851 0.26270250254617981162 0.22114988498925979639 0.49247325666877096744 0.84557501808439869629 0.084251043768585383558 0.19992116573793193958 0.93240904149100203597 0.39870095600969344724
0.43085873077313465893 0.19336598468302418688 0.43223243121471255248 0.55909094236064701218 0.25223835821449409021 0.17563371025616468708 0.28620487661626169081 0.37826892239560393736 0.32053521108100663787 0.32040734128870425085 0.81859115265973984252 0.92390975683809845129 0.69155340497664109155 0.39607876641779468484 0.69530147915979823156 0.49876881186069249976 0.94726999100560405851 0.04986705265387854374 0.67086205991774262695 0.80275442174310055517
0.50045557595308539912 0.86335424838160763347 0.6539083391459873159 0.48973826414683050925 0.60531809741243211049 0.24367549209201442033 0.36295821865059913207 0.75160729811684035548 0.52747920274340678377 0.079063158057271592334 0.41751627850450077846 0.88382025730317347024 0.72734692959882867822 0.72855129072255967707 0.050802414355932261369 0.91361320080855223783 0.14577950341528318219 0.93611001162613152309 0.32666442845710553556 0.28688140440573396748
0.55776290077295801226 0.82558853760311440848 0.99644439043141742505 0.67407671386053589726 0.95125743095093329729 0.055824453990920124393 0.61495425605190081974 0.52797474258679683707 0.23201971346919475747 0.51698394731623829873 0.90257391661651735081 0.48053629124268183395 0.50996566297942976344 0.90893084260284841958 0.12572643942773773954 0.65920782677746400576 0.077989419867568404742 0.48972208160447751817 0.97209205202139917603 0.99325275007447684327
0.30321140795969337171 0.077450116199712811991 0.030313693661507318006 0.052225527181830299457 0.31626958844141407666 0.95440994032421454094 0.71298679648370864804 0.86349256776224127724 0.126536098695816474 0.036803661760705557566 0.88114745011952949475 0.84244616057559873137 0.26358404133410798546 0.75621893662540707416 0.55907711164012156873 0.14447144455757530605 0.73928443722173118073 0.5851549686553922853 0.32613693721403866447 0.05191741386736548839
0.49076530703275747676 0.17391158781326821408 0.60460478018450127799 0.37697331215788154802 0.2461732759973985091 0.92927691234225956934 0.17371489933643865443 0.80778117772301303749 0.94405097254668466803 0.36121092516862166928 0.65839903570347404723 0.29192487866410729249 0.04506093857881891037 0.25114026346817529386 0.2648108996891776392 0.71940298559974712937 0.56933009415881111735 0.61470845303918963671 0.088866700161530779009 0.36148897669392719977
0.62273176983494518916 0.64502581823830587219 0.31071098234403580877 0.38475436464412963457 0.88994009827745615724 0.35740500211096805599 0.32873261685450009525 0.16697940618785585921 0.6226176087657032417 0.54826284604028296542 0.33493016777756577272 0.42752465179942068655 0.086249709810813907638 0.022464596354582180762 0.62700857833742916367 0.17088245887933079355 0.86321506141960956668 0.76725817851914242371 0.6178507438078050371 0.91038123718112748221
0.76083507799492301309 0.16984578674995944627 0.42593418341775648582 0.72427131182363019838 0.021438489923187369621 0.80308380805973258218 0.024333896860322961567 0.042520090325078623657 0.72298497321974680371 0.94576367309352961827 0.31601486820017660797 0.0033991415971583668096 0.10502789138258515736 0.79823449689311015963 0.077233249565106106135 0.27764399674087295294 0.85339338213593426318 0.83129190694756964508 0.83566634964416974162 0.99638581027467606089
0.72520584991153376616 0.014200542902909370723 0.48326883805870433453 0.68718426679918036417 0.19072988998923508691 0.36174760448420782537 0.68308069114894927928 0.29674531440751529039 0.40037413392765138431 0.69643998116084252501 0.023791738194621107091 0.30513528203789272165 0.0066769372776397303555 0.044980434478051012316 0.10813883345725588356 0.96944062829709086844 0.35129791051605526304 0.25041447988457160107 0.46021529757875364642 0.4817157771572942584
0.19304923876781297028 0.95658977973286090285 0.15518429515983213997 0.30731788674467236085 0.065604131149775439167 0.30979401945791529922 0.93971661325933082752 0.80761907074148276645 0.085661092592067194357 0.021005151770374644185 0.67970433502891127185 0.30125160063779653333 0.37112717907310425103 0.068347226706904403305 0.088423944969421791032 0.023832851982116442591 0.3856812200452318145 0.76325584440780191921 0.095564399347545002231 0.56669339058829123031
0.75397319653047499528 0.10824258634693495988 0.15732231111158670467 0.15935427591262119377 0.33268591603064465514 0.46707084506855137753 0.751096062470800028 0.012342147149482669876 0.097595828273765615566 0.68622296683749000885 0.49469740828820699704 0.56324222468768099531 0.017429296953899701028 0.86108942471492003478 0.47125311527041081303 0.69965012704081538242 0.61690493583768218487 0.45370303107031575702 0.46095563343593523006 0.45886788713870030852
0.56590998821317527997 0.062177147188842053261 0.043540767364364876401 0.23012849562299287173 0.50980808812526338513 0.48544248181119554022 0.41837730701140925341 0.86956737841079940869 0.89842809557531622171 0.68721755311306645511 0.87371771854065864683 0.28795794527117070984 0.49683370639952538007 0.90210690054791638887 0.81311092395326071806 0.33874073838208365589 0.67356782457064202284 0.029929347433070097116 0.29062723609127432171 0.84884731233667407154
0.43176615465703120617 0.27917692475699755228 0.87348248328244827552 0.30055095995564186346 0.083276149187757511736 0.89140038537866153536 0.90280642310659981842 0.12718062943318827102 0.2883261620343372893 0.54443799877822726148 0.41455091890599673945 0.45552735842002413516 0.78142617421258824646 0.91860576525404247049 0.022215202457427327164 0.38623914873088727818 0.43034800006811985146 0.39449772761989722786 0.056432524826653349473 0.90478946210096625706
0.95039754048389397381 0.67338622154872735407 0.3217547885161996746 0.40156857177324364384 0.27059100144480750962 0.68709967395975048886 0.83364467687381890726 0.24563225975914170434 0.95109521851048521205 0.31069458662475373846 0.6728357363357879934 0.12255621270862522717 0.32153213450741762201 0.32247492171828598888 0.047218229025544867887 0.96319626692708004082 0.73868721130860928248 0.97888292261224778734 0.27257709474682809511 0.34169227577785142195
0.41029941086322002311 0.44234135348020005751 0.52312067289406962627 0.22767327425487184019 0.32970877594210121496 0.037062032595767363682 0.21798448099092288378 0.39781515673064591276 0.52564014394783335922 0.56368989029732510711 0.82615319201738750054 0.12855615746356840258 0.83195545149816623885 0.31378972490513523468 0.20508174444047281773 0.53224904627849585844 0.68492909620379061004 0.53274569729988194424 0.98583209899424681204 0.58797564075222102128
0.53784467866179106913 0.54008141783432649509 0.67205542784973884785 0.88897866814678912456 0.36221539094413708371 0.18045876760304529839 0.7577562089749074601 0.33319150971421751436 0.28900865274313606863 0.69796361951960804242 0.95772922589308486153 0.46760110330281430508 0.12571851890307846728 0.84731112983737846112 0.43546171485534066126 0.99432591355820821737 0.10105265446568545434 0.1514473269919649215 0.85597847637990978192 0.70335253881289925507
0.68325301232521267483 0.72097828339967114846 0.51056194354609440463 0.42943937935091795429 0.19580690199346993636 0.32251459355479488827 0.050329299883465697277 0.34411850140421293388 0.060438691701866600057 0.14121404158573232392 0.48491294257281482213 0.54394726458238277876 0.12635003101091640267 0.038413967499815657755 0.48456450194384612356 0.85377508315589008828 0.15747524930342624353 0.73115641213888070611 0.12546965819370398327 0.39506904390777999333
0.38203843575620160492 0.13600495062673305071 0.21606950529560025985 0.095128149277907841658 0.60806012280041987338 0.64845532172606174513 0.34717782843206831001 0.24010029823924380481 0.62280314817333718715 0.73603503770737426854 0.64586210456818236159 0.89053720995203157555 0.22709446313617201349 0.09874988529351134167 0.30784829321048074618 0.45369033916058763942 0.013935968081403372887 0.66147585149046284682 0.37246778256035743853 0.94550096009373561323
0.97282862084502373185 0.065628050384694048647 0.90896517951132244491 0.37871817903754873897 0.21284162267096253093 0.12141613780635158114 0.38950932895803463588 0.017733189789094810386 0.60146627708436752063 0.15781862456933805594 0.78385573444931162844 0.94178154681846773321 0.61489101238839453679 0.93660013121307561431 0.10757763718128733426 0.56307015942190591411 0.88744779876161725336 0.75236990794710905235 0.75761347758614672627 0.65776303591071189558
0.19823822497435141893 0.57067280133085178845 0.25641346763895826098 0.71134546955905290341 0.21628747224122213779 0.39115333282300056994 0.12360626483325471011 0.96938103043048841941 0.80904759783379779953 0.53151875852014725184 0.56997253119219666226 0.94378646201570806071 0.040178355425577834978 0.33131386203976624763 0.93974014025316430105 0.73719246775546077368 0.0068440502749205965561 0.96409140143737884074 0.89083522819336030164 0.40625455602987885711
0.96037988770627124289 0.99857198668307901385 0.034276753788611396645 0.87363492614286882899 0.60288627521020253194 0.99567054352843278523 0.33197930984478693468 0.53835745222730968686 0.2872776289607108777 0.054892419994181844401 0.73083374195479253052 0.76679608054054081308 0.61716184300746303372 0.044848356526079783497 0.70483460962971880478 0.81030569167426844118 0.066718519494966124078 0.51523909305722046041 0.32368661382511364612 0.46192883949796837947
0.46923473030473958421 0.61818124509437750297 0.66036696217200191911 0.78497782613642731834 0.69755427456954278531 0.092178347642586448728 0.49962522082406519053 0.13392870984695086687 0.97903836625867744959 0.52929421856927433976 0.52682203601280128624 0.95987172773798813859 0.89650531556743431552 0.11120700549762846902 0.32197388181130563858 0.045818797315235734301 0.37743757557600690823 0.56858013162077051806 0.07280673624086814752 0.1634843671559077598
0.37621589620588417457 0.47271886252279711552 0.37883720771871807749 0.66140723750825131821 0.29359363906436941865 0.58042403801382432861 0.50854137639396563734 0.84419881672227037848 0.51629246658689455381 0.76960231672859063851 0.87084895129599060239 0.92565171015247305975 0.029028759978948893202 0.77063073976409345717 0.86318155250382959403 0.24019469727865657094 0.37087006600774106009 0.8239409183532288553 0.41623361652784894994 0.86987285706924145754
0.33658611515785009179 0.31127120634586285999 0.71121533249651732237 0.34307018516793684189 0.29720553426334772883 0.2958455694792477176 0.50973813296959573886 0.92388274639493649863 0.93632771210391627385 0.48481026865739461308 0.1122903840821865523 0.98596926320286792076 0.87659090685167410651 0.61193461341894791057 0.85763978682929133536 0.64243585082335692102 0.01725517155823257429 0.49414963531950613379 0.20132703418529152467 0.63192408102620246365
0.12059918878733993475 0.51996551191185507579 0.96816292037862082147 0.038207585401937566797 0.20589439793466055836 0.51113541702217612557 0.58088400994881776788 0.98027738231825516834 0.62211694474692912462 0.33493110240064687886 0.11089327785654877066 0.75647985200657838847 0.01423388240652156061 0.25788089079955321605 0.083150638356528495552 0.36795660574818286919 0.2383986255310864351 0.092027580151078427161 0.094854749793480336371 0.6497847840921928648
0.5519766439986963969 0.4970721153670747878 0.90145180221063486345 0.13717780414379299902 0.64792779421795241841 0.8196491227884042496 0.37946521226093401591 0.70339801340650715342 0.10445172672777569751 0.76678744909192494305 0.76693457275805701284 0.66299555514453841344 0.40300155698116158772 0.21528039930523660623 0.78216446131176345054 0.19476022541844340583 0.36707223771748264063 0.91402147921269323783 0.88616631228566281021 0.90895416496536813515
0.43125739966857530019 0.68814283175093921035 0.53310823235793304792 0.96417011350735437765 0.15877447046674277454 0.22614309993162861896 0.92926977888272262624 0.65064748080416951365 0.39450694557158667055 0.90265717166485273773 0.58074565728237322759 0.86961739915133607145 0.77591613118159460705 0.20576277092729144638 0.69066907113237801337 0.66462288549220864981 0.89467537946462007955 0.30699780960607932169 0.17385901917449839572 0.55639664784384757043
0.56815186931207617768 0.69803690122316071034 0.68677451091596772406 0.82574332481655059656 0.96205635145632395863 0.76294944971157263011 0.36321535455378419372 0.40176973697865978557 0.78058090659924742093 0.36449855064672049383 0.96745258115858727232 0.62958083773744169737 0.22139919679517223707 0.15050637701571370258 0.29304386912969902405 0.085199925761578382038 0.61427683757280762672 0.88110129732971672478 0.95480095532665260337 0.20161159535112746765
0.42361230816792164801 0.092270185308271914892 0.95010568808794219767 0.85441539230662980216 0.80838854599956748833 0.66893492409908433837 0.19906959022392205834 0.70069948566935444687 0.39418228369310903258 0.62971408831394746607 0.076602103532732842108 0.68924293213149461743 0.54049676863518359647 0.40658704632852159846 0.14720027388351894596 0.25362563651222648492 0.5334674292831689897 0.16185725264364721448 0.67526744597821456009 0.19846079939734425517
0.38101903148697836095 0.97243978595003435989 0.79773538251130869284 0.30511741484489667003 0.96043460238162083617 0.86066716080238899221 0.66801121771043917366 0.77121829541438025832 0.33229035750723500965 0.85946972987907494917 0.33412351831592197396 0.90651998632144103438 0.98690105190933552021 0.33811485247933811252 0.51788338621988393303 0.33549880393192822926 0.94623390714997546787 0.7619072460731250843 0.98211753583077483597 0.95296213359560950608
0.44976515422341481026 0.35778318446126872404 0.63837402297539652056 0.63215289984424455664 0.31197682232331502258 0.71243790455570370391 0.3176980555042539198 0.1900416878288257526 0.91083419865610641561 0.71535418397251863065 0.099587084060550029921 0.41840363749457161507 0.09080167729195854693 0.85377247231744114655 0.54021878174255895746 0.31515821081110348694 0.51522465571424319201 0.23368019355455393844 0.90737447510089832252 0.97182145348470191432
0.80463866352004969105 0.52744407470144227454 0.86255607749265184286 0.18639666938989386705 0.27648714377300121696 0.091547707150023754029 0.96751791401465613994 0.90621976360128840935 0.71708983866610047592 0.70284029578775864948 0.87422487855858130014 0.081381052307104817815 0.041549871848211753541 0.97662744268421936423 0.15428078930869268848 0.44411528190509133438 0.36370305849766334052 0.19232887081514664032 0.10524693673960251484 0.59709563400991542167
0.40559276386114551696 0.88331660433496568178 0.57406078833027426221 0.7845480225061269901 0.071130022297598580053 0.012425247704996925525 0.3576701445467724812 0.48219627889275909905 0.33657254911206105097 0.17342108039613412498 0.007593301161263715706 0.64344790712760696253 0.74870513658558064977 0.46630738876858160414 0.87109502892373691499 0.057457254042855228403 0.28657401181896200262 0.1430929492522703835 0.97410021767273303149 0.81586529407130254282
0.45069988378632357882 0.45352270274623204187 0.63693061236510152686 0.48880056525129465149 0.4419426437143792557 0.045499398603542269798 0.50088827553142013343 0.20704850475726236454 0.40768681287640075686 0.31864980121043748112 0.4668965088017407671 0.085851404446503298232 0.39387173959977776413 0.25718920079350797019 0.95407766806262126564 0.28668631172962492568 0.28623354048105425969 0.48732414375646789954 0.25079775926921784869 0.85418307942908270285
0.49220748884528615463 0.83941961958516112479 0.68402910278828563042 0.12950103076044889542 0.89414180718948327607 0.78796419846101213569 0.23436151584013735244 0.71330738671683875711 0.64251298021231863082 0.48736787449068638965 0.33150446095115115831 0.60506762878880238782 0.6418223629838517325 0.74647853732515490575 0.19248105594056243861 0.67614735953597117514 0.96119112933291003136 0.76205144319015799141 0.75150470014804465069 0.27987995781626688472
0.69588848831684827005 0.10879099215740989197 0.98675258567077489606 0.37037048234401363583 0.4636487975896638465 0.96552948244611032537 0.51813739446228048851 0.76728670595995363023 0.016727664360926360249 0.75781696044866274852 0.54546939322937965794 0.80950393441964764749 0.42003331937707911824 0.24790281397890936239 0.34409938127464192369 0.047941331805289807554 0.11100615808167350955 0.87979914425837817994 0.43791283824305654251 0.087820093405745243073
0.33509199172972641635 0.16785624311972653118 0.98729809599771642864 0.93145662376165761501 0.72280044387745425675 0.78020639234129188618 0.47645380627280995746 0.52152713531288291183 0.23468434308742505554 0.63999395222222706938 0.94085476084045419737 0.7206615865621164504 0.22964818875665677511 0.63958683845486248999 0.73161041653384837659 0.81321654847444475308 0.46310793080387653825 0.30191605116449933701 0.38657783878739197472 0.88291962813404747311
0.89724422590039879986 0.31189219607703262395 0.97959303677487243696 0.64761382013980150861 0.64735882462616140042 0.14048541543051238934 0.38713214923005508051 0.063986577858647077967 0.88499864291698156498 0.51182516665883752037 0.89272848274023602644 0.7099226587273948807 0.065715552859184349853 0.65891083990537259701 0.41399368849469866499 0.14682304475572836237 0.25772831624849105189 0.23646057570898385507 0.27392045820976113649 0.34083054744886948041
0.74020691529607038995 0.14367769059415947026 0.67474508504637127556 0.60723027230671152267 0.83934484653703956213 0.35690480598289082146 0.77662994867509840195 0.24631028686665317905 0.2423748625781764704 0.94407407441071710226 0.40101137019762097153 0.99428137116783023308 0.29629866187647356177 0.55416218810808452787 0.088245455882616781029 0.21867039484684927129 0.85125301941093268565 0.1423068537621294189 0.56239765316286556167 0.90688853101923176854
0.82493017736696490013 0.87737752037614270562 0.91180917859356425272 0.65819038470856762923 0.93747309017114679102 0.9874792110384387035 0.31363732351042467598 0.63421018822813360712 0.75429896116684518525 0.015831218185645292199 0.70802350828866147372 0.98195508909311752556 0.43529620603877462005 0.3994015877445408654 0.80204066577619355854 0.61128897894115464737 0.68943925805703739853 0.54610670688069444604 0.78035690436824228219 0.77978639210480005109
0.65189669981986055145 0.42823570329834320219 0.93081401633475776934 0.67981334180172598564 0.80412405153262188139 0.56018892743146178056 0.85280821158511527745 0.078219559841456816199 0.99488808835347237238 0.53908471569664935226 0.64511275358776930917 0.64636064183604666802 0.15702329082637879796 0.76176890187520209538 0.10788385753764616771 0.67835776406424798119 0.92296939638654534258 0.79039440133334383032 0.31080448773509572474 0.43402036066100319788
0.46592095664831725523 0.81007996877373707206 0.54874004585046884337 0.29710470044519674221 0.99542600871480891672 0.38634754704171995159 0.93157223853312324461 0.58893692990450811404 0.73994327311645411235 0.030917288271546580216 0.19422625109398548643 0.78856048566503777206 0.4757981275177703103 0.53402437553186616557 0.26232418705556851757 0.40258943262925550377 0.31702467536617591921 0.3861815594989927745 0.48638942552761247533 0.57556526547086814927
0.22961484230180057622 0.83118139020170369387 0.79163753153508304908 0.89015725758034734536 0.47209991301757377283 0.81576427854824179025 0.4045348292063415161 0.75164689026182761111 0.86878464614415377922 0.25954273879498428326 0.47779927153289237748 0.057736863450080811192 0.58878006007343610474 0.29682641409426298453 0.023380982858658980639 0.67702689243670404173 0.34311962427670593081 0.96463326876261891397 0.054288428864002646673 0.97975347374294892135
0.026290533983030772822 0.76538281572426931047 0.77381057773858493115 0.054729061510813509239 0.16470315778200778247 0.21842683713978188099 0.82870038215022106897 0.68555002499652506617 0.08344357280140707767 0.69061975177965693318 0.92552678248020625178 0.92189210495465930651 0.74196444008253429665 0.71191356022770234429 0.95110713663176232267 0.2175216150359593364 0.50749292998813006817 0.38120798108446763601 0.38151648805068907655 0.78409113730842113789
0.55154775021253652585 0.72327878952132350273 0.87778785059269893445 0.21995851969147272117 0.07508431859679788519 0.38926906130013683291 0.62331925983072686146 0.97397215437561473101 0.32767072076196786072 0.30315666561706794559 0.80418923686233743394 0.24079948294736878311 0.52085256308974946135 0.67965424123115108758 0.065933590435179372446 0.46162831361610211282 0.97511359071199745668 0.029428433315271766311 0.49653324728198244289 0.76565319144604526718
0.52063399619343230488 0.54662890208860482943 0.50757549454081101479 0.45765719469848113894 0.49167422428852144501 0.24333993446523296303 0.59411047441600674181 0.30432328418526718425 0.79831495027747710033 0.14492144430651375124 0.2532880453060964433 0.31955749435010185927 0.62553663148470005758 0.66834311321404138727 0.23724357249452904917 0.75564769621277879779 0.19183907546887115969 0.30791696868130634293 0.73352284779980250453 0.88460282274063913239
0.32200737738535631534 0.81392433659367443628 0.45415478984057859097 0.13601245187561538747 0.59637413253507636684 0.75229966584802876033 0.17053890846898091954 0.35928448026523041384 0.52634277418716394798 0.45759406610336712963 0.56144636967691515536 0.03571676941369672292 0.78143819983163304059 0.26061450847453008502 0.8309344516159050825 0.25573869108700578493 0.54189445333043010879 0.55208133823163491028 0.9403676605944874938 0.65507283920724561376
0.24367557526194566676 0.12615172465146926294 0.66744124291163380833 0.5768187948977204135 0.28048236004070727881 0.040585865047967438501 0.60199961289949753974 0.61382150114836463492 0.83843630548054926151 0.70951974759605282954 0.35588517705497278281 0.91558506731775886849 0.95575325177735474022 0.90163517198120494148 0.69196780921565925504 0.093915765481657613705 0.067743043797997744998 0.56885643581438210127 0.59955226256091900599 0.37427447508505164088
0.16551712505953296246 0.5951948834485213044 0.43718378653025357088 0.77528808983589772417 0.96735605711375611171 0.55799829249331295685 0.69990580531848147475 0.92044366567531944235 0.19711952246023675282 0.085308956163013311314 0.60945164067670040984 0.4864302836492530537 0.21504123015936533499 0.085068550097775070206 0.83489289398626151211 0.51398843491827031271 0.72049898656413676319 0.23483987312042444557 0.68099140569035669391 0.63898470290221608695
0.10152069251169859625 0.32587018094019056717 0.033140287235163958988 0.34850630585515530985 0.58816803861758854309 0.45373991678713377214 0.19805630411334248261 0.05921828173728417127 0.9203930483314195941 0.35357440742799307984 0.7609737040615871041 0.36035192521771401036 0.22268186366261313473 0.34491697368502125583 0.45374398802909954347 0.44416448511573594318 0.78124705976870971946 0.32296340914420993193 0.027126364585102944046 0.00080634483178063109683
0.19484187205611652911 0.022910067641510410057 0.36605903556821144465 0.86356443057592126642 0.95030404242014348908 0.20914650721805610805 0.49107482550236763113 0.3537533351257084336 0.77315337454628357551 0.52391260411495809747 0.25238586405259659691 0.57283411635110289824 0.11231088052708472697 0.27609867708364399806 0.80263428880462709813 0.055818390400568539177 0.56760457868672199201 0.7704378428630753105 0.94735392253327194623 0.15572186154326767325
0.90853454573022070494 0.50415408873041374452 0.65379999099986773985 0.059054063646527372392 0.62150914002040981118 0.68054788885563576392 0.31185616613515733993 0.38784367620617081165 0.56511629848016689954 0.82567092979418977883 0.3250994848800200592 0.0098747159201278321091 0.28533002850686203615 0.34257379082148231499 0.6362792768816376731 0.19496725436405797034 0.23786201068175754259 0.94562150314604561616 0.23699205306720924554 0.87717951034322203473
0.51678338972879549353 0.73611032086813788162 0.41285050747785557806 0.7274751366415201355 0.23665951883792005352 0.98363316122583095274 0.70705135562398322877 0.40116472298585658225 0.73206259518269368406 0.46267353407817160337 0.16395362353862981311 0.86301300041639378318 0.93442525957662566266 0.96307316869602991948 0.48445062565199676231 0.081104710026281667541 0.73713746758398621426 0.39353544658418051171 0.59505836453453963262 0.75411871427620769619
0.3552574085636011787 0.97749116021684881206 0.62651037891439745168 0.023319166810791205392 0.40095942806202410102 0.39946761070218732634 0.11081547929528601584 0.53481841400196315084 0.32539505665877279224 0.85713812198344012578 0.67186530914817786729 0.63302303249237461659 0.74222367130373813825 0.80215988850750832026 0.28141977820203660298 0.80184512861912945759 0.30469002004370744293 0.53311053924858193322 0.49750238319861356273 0.30134538991821705563
0.074255032548335821738 0.96744743075348287639 0.29385626637203783281 0.17688167032472073512 0.57550641892560641509 0.92024599653538145821 0.85634770605542174658 0.22510272293011376427 0.58295487300604237937 0.34224734724522010246 0.62945517540822359937 0.4807804193799955244 0.27714072909176463457 0.96007120555781230237 0.48521863048653271651 0.034920569126876989971 0.57094960741195942012 0.2513489936287009022 0.88058763991703820371 0.3012191341834516164
0.74413449636352865915 0.34327895394238476637 0.63023266991898648035 0.22155168446644537959 0.083252416733776012266 0.58396226133446271767 0.18865957308800713365 0.9423174810732999228 0.68617113711376141711 0.25027750066033434593 0.0021814544278768229369 0.016364534543492265431 0.74292560306493155394 0.81560396896154696415 0.44357635878527487368 0.67814479074192330341 0.60474476065189728487 0.31270078719220132003 0.11918358012059636439 0.12386882010860485745
0.44680682327108166594 0.34343039807875849718 0.20394985501042836156 0.21760034480289071286 0.16132826365792038648 0.31212561458192497854 0.14155118330802199221 0.89350495032194841491 0.70633687152556490468 0.41891383670598626303 0.51845734052068786877 0.33028959331494644764 0.24576963531613745965 0.83175626599258338175 0.32690029296298494832 0.053751909336489124981 0.99786150469847808685 0.27222491852235774541 0.53197176866661422207 0.22214213858411615594
0.15879643306679329075 0.98013562633878576342 0.17361600751212551022 0.49022147404896508605 0.45987934250389604309 0.39149709276663471885 0.16092725314790287233 0.56444388573390406546 0.19149143578679457176 0.93119339004923638159 0.85678449868688888545 0.58029420856312337643 0.71680237175347769188 0.91864237284594394957 0.057580870708459019728 0.15926094022373212076 0.2157793281948085089 0.92977277558634878718 0.61276126188028305446 0.3696053848569226024
0.46121121263338357428 0.1421884754752590689 0.97335314638653168775 0.29918102785516616319 0.072540279895334377808 0.25888226356161593361 0.11001279926471711513 0.02496019376350329421 0.229417443109909889 0.72012004830113999951 0.18365114356955459802 0.79041695144000268945 0.61335168052178405185 0.41121276259870514829 0.32786367274916694775 0.40229217011176564284 0.48543706665317957956 0.91498321902426820086 0.057324967465201417591 0.35884591828254714914
0.034588294560035666122 0.72531030001048826751 0.29673226302433120791 0.28991562665783589416 0.78300529684994332188 0.20399444979442625894 0.35730523387069642243 0.50444439643178232271 0.87422038901246660269 0.78562520608721815086 0.47000818247844244207 0.16123310746496249344 0.77277031642093380623 0.1968978429899995165 0.081215534316615652891 0.67831672460525063657 0.10819649366601338889 0.092026394481212252252 0.49663332832913738003 0.76479059461862582776
0.92842072638306512631 0.66153003581688054962 0.76043532544294271486 0.90029707987504348351 0.20294199402323180961 0.97605888922621689255 0.75867986548415763135 0.65553110492520770466 0.010849554514995141336 0.64723422880996334805 0.40582674050447124087 0.44523939949872174619 0.65479242216068839742 0.90266656462763327206 0.7451000448774328597 0.016093199132238177474 0.046408086701705712881 0.2894788158196106349 0.26559495563174347765 0.40206087667805490474
0.855198687166192637 0.9371295056203090839 0.48914473958035859706 0.57130747181944798563 0.96101743779433306133 0.38879155190203033181 0.751556826646907871 0.72600748331618970171 0.314119580079686139 0.26733337000508758955 0.80634664647967160784 0.19662590084056105337 0.59526997115200254478 0.495016215355936488 0.37138663413385708469 0.48126960393893794137 0.81216165979497481088 0.73735517981184447019 0.51386013254318279307 0.57646097720854849104
0.18041821492635203564 0.28195792783302552732 0.80361808673692123277 0.95801045191020942727 0.61627265710232868564 0.66284706762025392588 0.3470463432354503771 0.14477358694402413968 0.63609033340424177554 0.1403166339040064724 0.38519923091721738998 0.15982118625092913452 0.63326633891617830816 0.50295244070896747882 0.73757305492542063463 0.75560268974016005331 0.51427388855745743404 0.48951041758814470788 0.7635916071256678261 0.041016276671202949236
