10
0.63417338827860593621 0.33825757201878902698 0.66278140051519508904 0.26582705166952631673 0.27635094140020171694 0.70484644178578809159 0.024369699014407399248 0.19850370443251763163 0.57295348415354905398 0.40554376171525451539 0.13609062584664651663 0.83562081813884085414 0.91664605896118108602 0.74411467688970999948 0.15028549761241877204 0.98080588378087330345 0.78933115952729991822 0.7969720918134352483 0.78582477980926490559 0.92809235873284538006
0.1316746297021494934 0.71630710884956359758 0.0046725943619047293496 0.076394783634484128717 0.27113092379061873576 0.7312458612180451145 0.41364895463102827901 0.12697910372594474899 0.26661676530820322393 0.065472460760000795326 0.20552938350546567475 0.15580688836431363199 0.33408769560298262819 0.32837460372068053667 0.48785725399691828212 0.02534383468839495956 0.17336687708012382247 0.39337216409215756404 0.41960509695809207123 0.36068337440367418268
0.06510575682229654068 0.96788649945439720766 0.2711269511948849807 0.044268224734156286443 0.53628369175755679092 0.80930903661117472214 0.51827426180650039959 0.81709810885150211898 0.29599408005441149962 0.21988552758548447319 0.26979385723196173041 0.78751605040690627761 0.0074349628572463403032 0.013371194302457545483 0.054146755004705836984 0.7926644291526632486 0.34291512333168332644 0.82254319954220538909 0.31920760291439749588 0.13739651256305290871
0.37035438150490128509 0.71526504102920233463 0.80068665115973250158 0.077273568329438324491 0.14998478401132246175 0.8772562689678570422 0.24268844813876386344 0.36377101438997086751 0.86545598860806286851 0.3646296986363515547 0.58529398103625821702 0.14491264997436466055 0.82030809985689688118 0.38605916980069062772 0.22465622561030749343 0.28555043878759534947 0.61447359334151184355 0.067036268446455968696 0.17111206953089937058 0.089286793143426749521
0.62498257845911966193 0.587590571799313383 0.49621466467040187433 0.52972377317401767298 0.82927715379262950099 0.91876978749706946165 0.17024920886924649425 0.82792555495138222432 0.77021171007824672933 0.96734217887783630535 0.8490940279594634224 0.047882955531803142912 0.64171620419581356439 0.57762200596883469037 0.76080162861946846391 0.74120478595770515617 0.16439148677751832389 0.3061741011831037714 0.14405220931740767134 0.59771978211158953822
0.24705399095954433104 0.84695626837618472786 0.074466688219772165212 0.94606287230920610784 0.88183305633389095314 0.64681352622088679683 0.10429370208679489333 0.39880187685648527655 0.75865870077448465287 0.19569603085644399405 0.79864671712190459261 0.39852430023302645192 0.0041109081999929523521 0.066574082073730496563 0.21171935363813598329 0.60428937419174713229 0.44555543883534271335 0.56353284273698204919 0.85933521557530143564 0.69931098361736788137
0.36645328086147220488 0.37315361478801756115 0.051955460819538015543 0.39683781571720621554 0.73199095555724539913 0.041505398510611009625 0.97463707548570823142 0.44358597982861511282 0.47548943900043770202 0.058551555962786128141 0.48255773883315976574 0.47161991813112929904 0.11014308271330488419 0.12800452230447972272 0.10327490205664698969 0.48318760491664951518 0.71871162732617733631 0.32249490436057825653 0.80015932297729128013 0.5109191641644543582
0.74248958138033741699 0.39522619771846918027 0.15357108671801298635 0.91328800372005920869 0.47542645798946915863 0.1159989348096885219 0.86715707871007961777 0.12638000914045742165 0.30334198298017538321 0.14804572466678122026 0.40805988593322819048 0.23964105803969456372 0.26053879275118818501 0.43588341212634789361 0.81005436601432462778 0.70751863751980173967 0.021355731487378381932 0.34836721835165077358 0.90162052439546828416 0.21939329997891938371
0.14153375035706710358 0.13958301712244698971 0.28749349449473446118 0.77549469703861333456 0.23554945168515386726 0.1805315748797376395 0.54547498556518539132 0.20839222376333254726 0.79014798119735618409 0.22097977374598717486 0.98064519588608307086 0.2421195426441619249 0.99159284514675887748 0.44353446117870221093 0.55753434436912329184 0.096721724216271436059 0.44927991911895715958 0.79974801503965555925 0.94188612196935456183 0.26703828147419984796
0.52142487743309276629 0.14407515433136202683 0.047569125916516040008 0.60084325349583450913 0.59955385168740635569 0.11594149975899165279 0.5462510092222221453 0.41264417263519259605 0.97636379171266642822 0.65039176474365305389 0.51699385171380501431 0.36119386623547228158 0.62813813839678727476 0.22372938380707320735 0.16217985717718825899 0.99832127394155602458 0.75545845605967597465 0.80831746971290065781 0.58497498412368078278 0.82133633099656509102
