
100
0.3525404445739028486 0.18166602075780003821 0.27284696567282585265 0.99451305359887462167 0.87548793288164321319 0.786490931311807619 0.8116353191322525559 0.35454607761869177181 0.038846583639648439915 0.32823994109311586026 0.034290460504076433193 0.14768986023837947123 0.84097150698018768167 0.10997506865621040843 0.67752234082388376887 0.60345942610634991163 0.49232787968918479451 0.52866486377680086111 0.048691096922143534175 0.88007078513348238141
0.075722632163610051619 0.1785366028854423764 0.5041820937090495045 0.12701009974052709082 0.62460152344279633248 0.28866136365224111303 0.76365270566815585492 0.79661121704433934061 0.93365522085907616984 0.87819868787613164989 0.7008438022342348026 0.88142732813160379758 0.44960641792806274429 0.90529789791615828651 0.10448749633588126889 0.31951777059503802482 0.98882681276253074219 0.18534901421263122299 0.47375821840432564305 0.54450105129850613064
0.24914139204027898109 0.013919372633573080182 0.060698181079928847318 0.57468254740917697979 0.080059443978391363523 0.79442382798711413407 0.9667105147046727341 0.87426285573445218052 0.32874300462402961391 0.38920075217982447749 0.56778612487855483561 0.38590313133020863608 0.011599455436207259005 0.42048074756727180659 0.90315817884275986023 0.73859265891338165107 0.57710423373145491811 0.88983279017251167481 0.55802331350811500827 0.40727981525328478969
0.54582383845799325447 0.37718663711355646041 0.13298426272947777739 0.27187887117927769825 0.38734936031803367002 0.12931372427955200796 0.1340870348003221592 0.31361348172600089697 0.94196767964829516723 0.41050840870721347039 0.45207221394101964511 0.29957335626328105511 0.23651194322420929504 0.13072287521982334382 0.57685734136512650095 0.8369570825399697976 0.23772230069461477682 0.99375136435249502984 0.75819925450348729998 0.89963271434432345576
0.78025834562480577225 0.0051564996834669743031 0.28512959270453704661 0.45323132489960129302 0.12537765977355523492 0.84970943514839370326 0.03505174471512824397 0.59433925787642589999 0.33620709918041403097 0.69763719903132514138 0.44310897941970109706 0.90836273519882847059 0.15872992629239334914 0.82757332477098297292 0.57488817445754398881 0.24940455119094474937 0.52864924811122716494 0.65293432187417639042 0.04736906059237112139 0.14174721918442713609
0.98677507008279548366 0.79548090005908054709 0.48570679413091057385 0.58603630045492112498 0.27918278409433114708 0.11265644464815542382 0.89583003135866093981 0.81407878274501063384 0.24978852444107678714 0.70092066450562643694 0.77601919636826272123 0.52498294623634449141 0.8777585599318382609 0.74613552185909025528 0.73040244619409632403 0.21289410421621634314 0.37096604235921144528 0.75948408352784733922 0.18779515433599914198 0.87957144583609235452
0.56637621057631442088 0.30026360701166777094 0.61001033691857747571 0.31696487479981563069 0.76733737213400759792 0.0092663860469048006186 0.0057265748597287406273 0.23255162871340451388 0.53619208084098253568 0.50713238169418734376 0.43816617163912686283 0.85895990157490213459 0.43904198158836794567 0.52713969767113244872 0.77096527569339936984 0.35654330943966457173 0.036800534472156528211 0.44929784362160747629 0.71276889517498314482 0.16737724898433108226
0.6235878235074366839 0.3146792931237798231 0.22170827823977873404 0.28208662256989481144 0.046878833938896151867 0.026685058616220475361 0.91498683041121114078 0.8592560654469209985 0.90406740241732897259 0.83703930505269031812 0.58061306582601546054 0.9066931430801854059 0.77108907761899777672 0.64337310656839767495 0.53150085307194437379 0.45026365344246871956 0.7363646162801087341 0.2227222754899117256 0.16306022329086932061 0.30113672940610524559
0.70968223730941963319 0.91469032205045696721 0.39799214234857022539 0.26780941504366220589 0.65295653931194816058 0.013987036611442333722 0.086635141839786448698 0.61485548522671061605 0.96285306436622339083 0.70362818762241221383 0.34236081336673274031 0.40922934354672611243 0.77713683356504309723 0.10969736049781761444 0.93351045475135984179 0.74529306341550131704 0.56463799471278801388 0.22697807846738692143 0.55478344563171671388 0.24447508600790553629
0.14751983106583468371 0.38262797796368222834 0.024355730235834511773 0.57394961944102788296 0.99366055529897053873 0.90100886344059057196 0.78571845176084922327 0.78296792229888179749 0.88090636772556302566 0.36986764186169833723 0.30215655269866538088 0.59405779471534023135 0.82096233866824238685 0.27220650051606489124 0.5711192313931957883 0.78473696863341818597 0.95393965551645643015 0.23148636798004660622 0.85357596989492519633 0.1759107411515015398
0.57042990356220669838 0.12637869451289912478 0.98546412662014497015 0.93670823227591398704 0.5272386400223077951 0.77331407565131422252 0.62469459013066135962 0.16666204342215563516 0.4630131381901705149 0.41079482212199439192 0.72540405433758876848 0.29359585046101307224 0.10647334236362417478 0.16643866891757295919 0.46483842199769988967 0.9032749207934392506 0.66916383704341246807 0.46992444570672345448 0.28991339060551108781 0.43980684449725085226
0.65387047542073408732 0.23304457265764405349 0.5958485641847046012 0.076645925673946939708 0.11743358496946411167 0.49497563364952766569 0.70878330370676758109 0.91086708921929593417 0.68501500948598451291 0.82386861111037674554 0.5264542243334812639 0.73432321033437265937 0.49509817592400023217 0.76191646242608522489 0.4304447057079069916 0.0359219385073059776 0.55174078855473033276 0.69392862018972617213 0.16109267801715109809 0.97313861802752027171
0.14986325356686020275 0.82580969249401837219 0.63333924269607876718 0.32625201709065998403 0.69356118012500077991 0.26426481508793231467 0.99625427138472211523 0.88845662863698060394 0.23506791503020468598 0.00030433402990500443407 0.74954374078289821306 0.50587715053930908197 0.61571003322907013374 0.46269742491922746151 0.86182713070009015952 0.59989238280127936545 0.80320779381151935581 0.41011366657508026214 0.20013552044413707029 0.17083073235636016263
0.69150396004175349545 0.17645626487204529322 0.4536388607077699223 0.15206225458735461947 0.92864000118091928387 0.92400413155912304336 0.1524986644290691374 0.32787126164635584238 0.95886833851926009717 0.40191017805310928442 0.70004951344004088821 0.61083093592366551945 0.25135512793972462258 0.097188965141507398455 0.82738394408250286443 0.37483239445385066642 0.41033835504558923053 0.93997760257347472845 0.44775484429492487791 0.022641086607852463613
0.35811543825507520164 0.57789888433788677178 0.64219727806037135026 0.28160771302443489964 0.81842006390355870885 0.61834800234040212977 0.77193064702849006415 0.66960845168253624679 0.16423089314964442361 0.72528387010677573208 0.973353601406467027 0.20316165927408525501 0.36071701186205825908 0.64401355924016656819 0.36596184529591197415 0.76327370262167786133 0.30323935384296316694 0.89139600817865175382 0.10914835997969628821 0.47017521347123011319
0.75868255481983862428 0.087225233085338098403 0.1692333643906611065 0.20254807511494539305 0.4952301138665568405 0.11122912042617880964 0.029155591553461467807 0.71609254521510602644 0.20061508537925649813 0.072392306355648212176 0.278203380523044716 0.71169255134902328165 0.5417224062042340713 0.14822131552709854864 0.6243451474774144244 0.57933843393211086027 0.44684299316756682908 0.14852621685575084814 0.93098797974195533333 0.073852838853411259762
0.73286211545542747042 0.71567330105981879048 0.33233623473931070267 0.064830732452630013729 0.59422629292079533778 0.87172991371962875738 0.24732793644880389126 0.72912452547416521518 0.66001592450425096453 0.55849620381390965623 0.56125824548772797337 0.61801709868778885643 0.10583313830024699073 0.43648337600211303659 0.67907280605781861519 0.30387141122619227554 0.98977890918498523111 0.24603264362878344125 0.003163712034084867526 0.0089366913044807251088
0.68263010310830828694 0.40378403560556457182 0.92640204149657180525 0.12242093786978613902 0.57532064553293811685 0.78959974719876426874 0.53054041554690766836 0.27320412138257024596 0.16727544984023491061 0.39753573171899928495 0.44499171662229143929 0.4318511543917941338 0.26018589543781041166 0.68337354736982784307 0.66399703065473751715 0.072135096227022284276 0.20555513843543474542 0.33507632729548896889 0.23572458573634266831 0.8930143424379214391
0.050035697874535723533 0.77289835197363069874 0.74985944620481509844 0.99414736752955922407 0.067837440376319034627 0.39871850031618351725 0.26711368356072529121 0.26419046846514491149 0.54013617987838439009 0.40136933787626280642 0.87107488610363706215 0.073213096012857473789 0.62410583046387678669 0.43341615161198409674 0.86857944001487550077 0.23048686687949775152 0.033952238805087384653 0.6861686497614560735 0.70726597806158863097 0.36757952820341939932
0.29333912806457410543 0.060109075430499749222 0.95872132234680312521 0.49814711387251827166 0.5290992831129225939 0.53025597198334274826 0.77093927358919821398 0.71629895821517681039 0.3254465455894708364 0.39618300571387180664 0.22620718857821637686 0.64925074220831703289 0.99838967144040711987 0.33026483438377346772 0.071462236377071140477 0.35239356190091576849 0.83081586731669633945 0.87581270000465216388 0.50948200895800811207 0.78866202328952738704
0.35325416714137252572 0.60989545239247245641 0.8795566854915776378 0.54391590223718635659 0.75754827478980170949 0.82891300658206449296 0.2760029804695039099 0.35734541540588126682 0.25908057913639179865 0.015461675436803553371 0.173285507208005388 0.10788839553609112098 0.17712816110828625486 0.7808298103349528682 0.096645125222169237292 0.5702605905360701512 0.61609209261663454402 0.18514258356987546306 0.093285412236646325591 0.37377727305137619783
0.12432412109811956824 0.43397739995675362545 0.074427902619169885386 0.049439093877521463245 0.63978226353670995867 0.46219895309796900248 0.033847828127361060714 0.69060917776171727982 0.70568593654523660764 0.97563163088179883807 0.83024372643789845819 0.073031572296884673533 0.86408115707847416183 0.95955009121949473583 0.023791204744323296669 0.57850270070714041639 0.52104495253461792243 0.078926736311416010976 0.50809643093529661902 0.53347107838078101834
0.14543012616750065387 0.851883864955421808 0.66192370392051834817 0.65789075941687448625 0.94888687754109992209 0.14644711794877579206 0.041919864178839020077 0.96131840032027515594 0.21627035078262008797 0.4003350883765647031 0.11270846577677709943 0.47121224550540727176 0.39674149787380469628 0.42821413011593652129 0.4167069516294270325 0.84845972065272660885 0.24312814810169253301 0.18866949422438844026 0.34994241707056906272 0.13960584834767788469
0.98499858081298641733 0.24600064374284846553 0.80281597176390070584 0.40091247459543536894 0.061423038218039030468 0.33840868210991860605 0.51462023426182567796 0.70700293210948789543 0.98805928602787347344 0.51648001859014097692 0.42059819308941003702 0.32599576965676385729 0.78610542994255126872 0.29848379789490896722 0.9548080175684958592 0.5597418870834458187 0.54534886073942209539 0.91126084744600367683 0.96317572543973858066 0.56628029369005691547
0.75603541433465969613 0.49249386837688569556 0.18584417020019841236 0.337424602721501762 0.48634101808652137751 0.73218440467549681316 0.7332894623580350755 0.75094038561382074506 0.3689140602795478305 0.98126840603041170743 0.03157616940184410835 0.51053491107743082227 0.70955022210480554002 0.80535515104566520258 0.90460119987892040957 0.19097875536934097598 0.56111709375353899156 0.28143886604995129846 0.062041484854043784194 0.04124723217736471167
0.69187002681746940098 0.88229827546662197902 0.33854477438856745049 0.25350272391718856746 0.90550468047374706176 0.52545194981596952814 0.41515914913694755518 0.16608067372580817604 0.10514192262029157734 0.40870391702810180643 0.35049519540928633307 0.8562917899474158223 0.62041515957959411908 0.2349617559702152887 0.033268099576350329257 0.96728555695789453028 0.9875670759057315328 0.72514526506889321049 0.27769088332754706262 0.84629684509634350848
0.27951035285320487345 0.53447821098312211098 0.15946911200780573619 0.34317928323207139358 0.84720364517056358895 0.87424177082115417316 0.084616757425728324411 0.33295160140873499249 0.38896412952831574747 0.70984274425431106043 0.82069573435759488614 0.93592858682830459203 0.37883827512827365113 0.038763003969436128789 0.53002226291794814363 0.84754970374819972665 0.42099950939090284417 0.79997555141218663059 0.15307028843371008856 0.70093463332102122823
0.8149519717399108824 0.32618663079114227629 0.026816539680409372422 0.96915666724764819659 0.1151074066084397091 0.83060779448203456735 0.4431351840290015864 0.66847746189422063852 0.80958894751779111328 0.91302860989693508225 0.54333143120062183539 0.92031476465329234958 0.14709612713367305328 0.11191209242717869787 0.59713218431076873637 0.35259276562606523388 0.30234682124828254738 0.063854843782175862543 0.3490581991172561515 0.35725533034766093386
0.114420599778629288 0.85278419153115542629 0.18671152637814195069 0.61322860400529676791 0.56394711282318098108 0.96279281124384521762 0.89187141585330752909 0.51777480144383586114 0.52076178492078842221 0.21302211267052488487 0.92647933002008376409 0.57582263042814362149 0.43545159506727159715 0.31019175013173040114 0.27997108107530690633 0.81198516595039215072 0.85454929720290180584 0.095979316537442968397 0.047854393908687900268 0.13461130013753407059
0.66436837306229874978 0.9216111126810806525 0.10127575670634230499 0.17373762419577418902 0.61320475602837480351 0.80775127592351839725 0.061053915328220185511 0.069885545243716519275 0.98083603842934887303 0.61592642026225258799 0.78556609359545826582 0.4686278766149136646 0.087307537062751954839 0.18272071055312688397 0.56074254450993645297 0.94661120276990064302 0.22805510406622708536 0.36985226564162763669 0.99122358664396395853 0.82940461137020971206
0.077972723312189990623 0.19698458655506336087 0.44054966707946826459 0.38792335096826678441 0.49994867692484591551 0.13544862199794088011 0.94419377521595632943 0.1122860406321579603 0.27203922687940394049 0.54577784792992387638 0.63483646338753721493 0.025031514488946041087 0.43741262219384614975 0.74617104600692041013 0.40874659971226934274 0.19037143359741115457 0.95989403961454676794 0.35315220806185785505 0.22421520716337065395 0.6219195031407772497
0.54394128590979618447 0.93186121231488177995 0.75371592373314347333 0.44607790015985404895 0.4223460463899426503 0.38772696047793150665 0.48765380874830926771 0.16626957279022090529 0.521333021446785912 0.49202017446248454634 0.029355746962948960316 0.96067887996962646679 0.3580392209931132971 0.72145164971372124761 0.30047166510056193175 0.125854228026272239 0.73061226046272518023 0.041654760797203262211 0.43911383697798002607 0.76841929241522126084
0.8002143423096462079 0.3155239594423316882 0.025458385128992898003 0.49783280057663220082 0.73470066349527626739 0.30312489468823343328 0.18046501102321004195 0.14605769389435027417 0.32825478488366061861 0.20334420757506894761 0.89737127374671345355 0.56572007372736560741 0.56946842381592112977 0.38822566276873405673 0.68068800176076469781 0.98412867595298144209 0.067030803609783399469 0.82522546936734150969 0.015461665177699761297 0.28781844264272650051
0.83767029342046217207 0.090983375355393948387 0.18826191830368534189 0.1986228955744826207 0.41997296547005244608 0.094391136231718590871 0.59338158406432725631 0.026795489898624394649 0.54489537297418333926 0.17358365143801418698 0.86677112504670335719 0.22054823746477568111 0.14766665400567047673 0.24931065798119860682 0.20470753417645628483 0.15921651086088368254 0.31651664903741720053 0.025294030910167137412 0.20273703871693663897 0.39430765627231229329
0.95243554886479563559 0.65424798402687627316 0.35660223019912889704 0.36652360183333527983 0.7280773730796545003 0.12625298489064310946 0.15736415970566185825 0.29328419897153249266 0.9814751855507483616 0.38398473182054447696 0.73338919476920458963 0.048000454339959757139 0.79309584808661775417 0.43597506853425471268 0.39039541771671732535 0.21070544960080886854 0.74787935104754807859 0.23459453387935346163 0.87370189705096571185 0.57665831145348192381
0.59095869182147367878 0.39854359081680316963 0.22246721373144633707 0.97607333868306930466 0.30882968572698728807 0.92830533039312496633 0.56600227861422709453 0.99757648476681735303 0.12198568670245806309 0.00056025636434355285649 0.36849336830054799834 0.91309536723381812907 0.68219575369577621648 0.3143208539165622253 0.84134609400904192484 0.69317852722224315877 0.82539114848702457606 0.10871580057306780666 0.86905301829451414905 0.3709719970359127051
0.43809170433938934071 0.61141862883378140337 0.32459776337152438166 0.69892248097341372521 0.37325826363729766426 0.78753296404098523163 0.68886198928415869779 0.76686917809942570755 0.41666229906032052334 0.047950885219969358053 0.64664456443838028117 0.29613907713177560168 0.54496657556679434144 0.081986343998704415816 0.99972084829512797315 0.55210198619879245063 0.14850071261529643407 0.67536212581301790538 0.27327802590286783099 0.9405693034931262144
0.30532140487175894397 0.77269279822140665855 0.50613638174250734423 0.47554482365359255461 0.21036908497839434587 0.20925286477554524322 0.52961078317988528338 0.12252280020986036239 0.93958764902312103174 0.85740681617380678657 0.2809892939235138972 0.72180813104136234731 0.26506369258952832931 0.9583228603572886764 0.97916449780901957398 0.83850174151495225741 0.70399411234645266138 0.0028458384807545986767 0.84450606677374347745 0.67775527815465801384
0.062410282968532807099 0.47705703160383681219 0.62362762168449898569 0.014088151954764519382 0.14983684596761895217 0.52480836071889750837 0.28711223624829815021 0.15061748703079890307 0.17423798047507890594 0.87953896706882632586 0.70560009261220951754 0.48986104357976484298 0.88146555668113970867 0.34543370040536365887 0.1093701261841759235 0.11149278602707358759 0.00077085624359277024305 0.21913783520716785368 0.64787488834380608843 0.1877830312746362965
0.56955952673370899953 0.5333240515217256464 0.34779546005932840148 0.66724879120006873811 0.40911285954700326564 0.61003077107522486738 0.9208172183141054489 0.26720405334389924694 0.92854591919990911344 0.61097130236133416118 0.80349864944470289198 0.80446580575703153062 0.62524228699892969729 0.71932240967092259896 0.075531621815619353754 0.74582884993823359552 0.52753790022775839198 0.090427067275324759165 0.25484613833579885926 0.36113104652138091868
0.055071245112379308881 0.85187715361530441091 0.80823344373181022344 0.17168373263207171374 0.31390207713247831212 0.27910511135337476226 0.12625748527937739088 0.80325544922964075325 0.91444411584817339759 0.49956643683256665988 0.22194650557276250077 0.69381184024502021032 0.54645114979667105281 0.9997410809822581238 0.32764593208702624095 0.42311144344918536723 0.51053008887251063666 0.61757972245694989184 0.33422873349313598937 0.015857790405846000224
0.26035218110803927822 0.085285532897351266207 0.75309510131827931805 0.10170580029547917901 0.80691709907810761475 0.82189660489245199959 0.45809416222230727416 0.76508576971057012283 0.78839140080212397559 0.59608642297444938587 0.49227834079578360548 0.22870183701299946142 0.61393922007105501188 0.10773936367028402251 0.95915082140738462267 0.8015179229557918278 0.62634901349998668788 0.50234371128111570542 0.35664576526794333159 0.74434869031822704162
0.25404815929767203092 0.15320468480018162809 0.97843274711312314015 0.44644367245493209834 0.091053215541616309211 0.8575230329457790885 0.044416952116214843734 0.87141250019846173486 0.51916983996102167873 0.04439228116690140661 0.0029773190327513224056 0.27473454360011432098 0.86799150281040380532 0.53271310336003722155 0.92499430085627796068 0.065552142253510283063 0.39068970614145430773 0.95830974634806305169 0.040945919971381038703 0.77033115766291592645
0.8981935954300132802 0.95070662800892579406 0.62795556695798999161 0.51965650782755806459 0.23443072925342452417 0.56386672296414766737 0.50280221782907375368 0.092704600015894102726 0.54034790801421591461 0.99233186606930513806 0.27809226308988496614 0.038749100025659772293 0.89999554847619808148 0.16663690716877034212 0.28982200120577101778 0.6816126887905358244 0.21865214586660880946 0.62642255802917005595 0.21091879346754996161 0.33750195475479424995
0.0038354652533555517947 0.5006831196446070652 0.35233447422615809494 0.92252112232593635078 0.88071410220168278493 0.70524777076932135592 0.36842831232207599434 0.96193338746734373743 0.31880617817989295899 0.045669542009801734005 0.98305947344100096374 0.14027134548570290332 0.5748720716574796707 0.1569514493208185444 0.036644793213900471115 0.68867828112398049388 0.96126249761362395091 0.20115033484423372798 0.5715007971870893425 0.24766304590106665609
0.028774573228981021981 0.21577297853911632682 0.33103985011014678614 0.75345703151340820782 0.95351873027018290124 0.59637292991574273227 0.76660021066296552889 0.13767717188563024806 0.57322073642519300642 0.34639091341063756041 0.069285745414249715567 0.047835053727526683095 0.10534027297393361197 0.10689793878750755273 0.52831829893918393521 0.19946896017450561304 0.69718024159052056476 0.95622407321230022703 0.43675200326975421248 0.15020333222160346648
0.3541508059974239935 0.43312676414314006668 0.68741454891168507675 0.45800986289914479428 0.47094570990027423917 0.55796202685432549559 0.24311179760843258467 0.35325490491808825164 0.9034187052117925981 0.22408667319284046544 0.09673663617149891997 0.22359903316494685347 0.12871605903442059091 0.24788507882408609555 0.33010598100559698949 0.90244832143151673893 0.13670034010474139556 0.80695714080401829358 0.019463798214706903552 0.11131410395056419904
0.81790184307402128918 0.73208888495793807984 0.58539517994334360119 0.036633211779592436935 0.66856693319926722069 0.97995376286082474572 0.59033671253782068876 0.52856306070824264046 0.53233750424785934545 0.60583909383136103083 0.035798205163015187546 0.13432925134887536723 0.96745572779328583652 0.48753406892776483404 0.63473662360510382671 0.40270233243977040437 0.12988430862748500739 0.39689127181442112241 0.48250168355645435086 0.75744219115439859966
0.35726431234864864577 0.1528215319834779545 0.29189699216277808938 0.81423945378109622922 0.7332087824960873241 0.95712350993638339717 0.3867483411617709587 0.59628191431937208977 0.22245418891379760889 0.84129567470345517405 0.49983816400902736631 0.50993313419806376188 0.7579774791674958168 0.71261050008342083302 0.65610378003223661928 0.90337286677899907814 0.62673797277779426732 0.87307237507149707413 0.47910731038329024763 0.35633017647290451632
0.25077389064258826684 0.93091387642212747338 0.16954499632296144335 0.52667874644234734298 0.85013997080850003436 0.48442644444547991602 0.70852836519936544563 0.64405475730530560336 0.61652457548750401716 0.0033127884219295505386 0.96509944933473552204 0.4603255885067939864 0.50492936331300434166 0.19519902404949002059 0.51677241837433551515 0.66988644993602289291 0.0092059738930978959296 0.51047779593977000512 0.15332499334893928933 0.96054802533429854472
0.20025116726142368391 0.86235818547544711854 0.93070317673732747747 0.10713727845937218516 0.72070068619503823793 0.6377611160436871892 0.66493667823991373632 0.31890981859678651784 0.01883163817792901575 0.39431144337120882444 0.70845473455784046504 0.67375391811072335343 0.62803497112187655054 0.27187209555614661187 0.68701217428481738781 0.40924627260997189474 0.2975522221202198497 0.027400856912151753237 0.47546080439619956698 0.61503415087975453853
0.29523671653129676407 0.45501418984752100351 0.17064223129467790991 0.68093581812625707001 0.3893241414726960554 0.54877947457419847893 0.53000982010477923231 0.72494860613622622296 0.2682155466640915213 0.45543425051429085762 0.62087978728476070188 0.82900358414372703365 0.21461770500377116419 0.21004357338718832016 0.9636537670449629475 0.18512305043040691853 0.19229138572936631252 0.90154559068229604343 0.83189574387252035079 0.43084126957226465067
0.87206537452702548405 0.1296264208742534213 0.86514302698286590329 0.87985420434528567959 0.59065443968474292801 0.87781535894407689366 0.47106239213636700246 0.14691334007670668865 0.91139990310930467517 0.46553285634905424198 0.55837987618306230217 0.11630254079586804696 0.4263280000784467976 0.78983980982471045992 0.11442248545192258528 0.16094071170019808118 0.92009148427488134954 0.87777349645821282155 0.057835568624611863547 0.38412009429646986182
0.68237807821257304337 0.70227522780785558694 0.055474487630525527683 0.6548624086700319254 0.6259083432235808848 0.98672461342976462424 0.76477816879097795235 0.40633030805089879827 0.46116758752490290713 0.056089656948989140577 0.64351872653335758428 0.3411460417352490213 0.91635421490146836386 0.2204927184088115304 0.15789870515035658708 0.83979700515627552887 0.47855119129264888863 0.16516498981819351571 0.094747824795787175163 0.083799604206504265595
0.42048255639061777022 0.4770648789919641252 0.67204163500466710919 0.85944731568494799577 0.078816627030652189334 0.80795777127567960159 0.25215577868582511183 0.45437457596055812312 0.094552302389863564789 0.46101187651990035104 0.56539909840418276085 0.45030083776364152173 0.41762769694989636873 0.91844843114151520155 0.83425265383859470349 0.037457212163348661891 0.39443664164940767043 0.51427044882113464425 0.42397907531129475843 0.9629999395223347725
0.15444446908440155977 0.22085550313416488823 0.80021749417574747354 0.78231147063236587517 0.74539091422509697174 0.55206965230986560471 0.026097357028241259329 0.81366867357395422172 0.29254791377034019618 0.026655450439531669924 0.89344662788569347809 0.32207961448639142792 0.85171916100410994632 0.12512373722913342009 0.92966189294327079514 0.8012524885189643252 0.73182255790235370825 0.3572390920960562657 0.73152974090322802486 0.064642873457260298419
0.7172523728700538558 0.54443468042187742779 0.5890371664140637246 0.56894860030436632145 0.025974770166319589881 0.8365379252229337205 0.0043128095161245196638 0.38285225420181616011 0.57274795632147253307 0.28268654886349236052 0.61044356336837878643 0.61978076380384506294 0.12913843286354799141 0.59578515739981563639 0.44312132877244664656 0.78478538426751383192 0.3853659928441847195 0.84476475831483486536 0.68134082439801005538 0.83491001114734058789
0.41360674451125004276 0.51636054341872953636 0.32465791298855469394 0.34442051512670585257 0.26134999843299356085 0.58947566116613028852 0.28857428467647174952 0.90218509135047600519 0.072554770728854018464 0.70286549768090433101 0.0049038910075552520087 0.95419339397580238486 0.19518169761597669616 0.5153789804048051988 0.70465964890507047001 0.538651258259752716 0.28701736323450906371 0.9041730886594769821 0.94482748260442241356 0.63334327321086518052
0.5871522386953815009 0.62359344054688999233 0.94530535044346454012 0.3847348299676559569 0.69493626327202618416 0.41425043728775516681 0.47527555374088255395 0.85181808235602848731 0.64788083200999521769 0.932100582460473687 0.88528378898413415262 0.75669727475056221239 0.53877570507946034693 0.84811698257149506687 0.43128113211807482947 0.079603666308914269932 0.30251516782881485276 0.48559075694045900355 0.90762626567246673171 0.57813352824463695923
0.19167327006372362753 0.36196660665125560808 0.45748240718220410086 0.60379588570087343275 0.36344797093608068955 0.94698875355795817359 0.43600022349720377203 0.288418546694141986 0.96052232240946971715 0.46229548373701113962 0.13709492281670670625 0.49015569756300037246 0.75820437094934721884 0.2722985668953641908 0.32993761220595865189 0.56873870889983513179 0.5091751665985356104 0.96197182390213135407 0.50208579833918378038 0.079746290567795224415
0.47702082783465798668 0.11921703886549979157 0.93420961242938443654 0.23613845209365994594 0.44743237225077118672 0.16413565118653093841 0.78339926729480403086 0.045106835587051656166 0.69141666472775606406 0.71517867759099683751 0.84061409729710273272 0.45043050703077320467 0.4480400558219408788 0.07927830917944080557 0.14097707323990652027 0.56565005613798297171 0.038360398204776859673 0.60618067642797235801 0.23675448645158398407 0.25960262087663695809
0.95491419789110240554 0.88551401146274796123 0.80852292943309354134 0.99967015072422890285 0.65733080136644831678 0.85598518772438315807 0.0071716302118858152813 0.71225583936757763952 0.81842676595134300125 0.77853306894008966521 0.77048214429953418037 0.10588652927321350451 0.049680895028311803513 0.29262974880616338878 0.043923357719326821147 0.23485547875546064972 0.86746042179993469354 0.20130269227479839056 0.8806299747763086107 0.9278875190308731445
0.62534391392563206064 0.36850335816003958596 0.15932468928561168553 0.045940517237310293807 0.72036903980644752357 0.31151846946956007078 0.26838424215974029247 0.35603072162651837367 0.74933914634495659069 0.35540101591481721241 0.52434444337329486714 0.057098227034680914269 0.05626900193209026567 0.88824205046575542007 0.36681113953343488408 0.14080496141832262791 0.92664160715559863458 0.20949364881409764913 0.30013288650339741055 0.5334631637087963521
0.21338703758513618273 0.68048307619191224791 0.13562695928955211856 0.58241713305848295671 0.15962365928825087135 0.18316525344150892684 0.17962607910293145396 0.86791482760847115242 0.14017513414713157988 0.65367062772601075327 0.25148060731586333581 0.84022997552113820683 0.50400670001950900121 0.99381450764619370573 0.10949449411480447581 0.053974293564520497903 0.85010106174851611955 0.63612419488605107621 0.33899985049347716856 0.65311483288223601691
0.92374220755530141852 0.58814436976377571181 0.71006022776732630305 0.33770801112619729827 0.77566040011765898286 0.984677505725607712 0.88838772725724780117 0.26110714124426919434 0.31807230441280710576 0.18694671016108820743 0.63381964138992686085 0.31829414054519305404 0.76690477114294032209 0.78505300956958238223 0.96153048440899793455 0.22121177385925990747 0.00029420031124728152419 0.67268057387903383001 0.26527080141352526863 0.27003514782726736757
0.45321817693956045856 0.91679093516130478108 0.41254141773314254629 0.28252379656271813842 0.52750814434315109673 0.11351998138515827935 0.055377349320574394478 0.18007243393659731089 0.37487686400534626582 0.91829885250885269108 0.066667713985661939899 0.70993610508259324184 0.69264085282154083472 0.76007274397272283652 0.22174510094326240893 0.21907862406309504987 0.77139492387771398108 0.68098130234096601067 0.59359622749446443928 0.89961705739319048578
0.86836513900628098194 0.54564612021275671599 0.20187696283679459718 0.65685900959499832452 0.064257644128624509961 0.19641892973516818439 0.82743887550105180986 0.17806178099104690184 0.40913318924523915589 0.97688662730056551069 0.65399309789069780166 0.52752275482440784198 0.10914533895180739722 0.85487162124823011175 0.4047818834080365466 0.5631802282551704327 0.54594950530251402113 0.20693279078981780325 0.9134235914580687832 0.74136223501011647613
0.72940609259009174336 0.40859885924870817468 0.55320628304790903107 0.53108989447942307256 0.92955019988113535252 0.59878834923323412474 0.32759515839380847738 0.084260509133993774121 0.4293672293701921309 0.31377132098347977558 0.59234105647311648926 0.33235320786954981003 0.010307470472487245943 0.67122014139435281067 0.39720421699368428967 0.12322400636012553228 0.94386462623058088703 0.76774197160516828651 0.92936764062838742164 0.026212790202712551524
0.56801261344911555348 0.35374513326981668295 0.088601389834235753354 0.59203855215185162929 0.34436006435010983821 0.46471360359972705605 0.6334375817819593344 0.13581655942369422847 0.57383814240045703553 0.37727974862251505389 0.46723216385250587268 0.9524345458025151055 0.16159900936157083176 0.46715920078269392344 0.59796666582856008017 0.23539263439337078214 0.72613673498547791195 0.9477029245104497371 0.74440086961208053976 0.93259694500366375558
0.43681661775899906052 0.90243143516684344303 0.56593478342381955135 0.60735492625679602633 0.72389137318960590658 0.58071763530212904523 0.23044124877973499256 0.46278927641371606425 0.80144709820916022172 0.20144558317330198512 0.57633085142393520738 0.17407015392247413677 0.38774506727050124538 0.25311475398449162125 0.25026312499167251797 0.23516229151405486911 0.15748392336844516787 0.40430288132414396061 0.52097734734514603564 0.59225149036479772437
0.60128366210625799594 0.60785834510937527257 0.046470826940997246775 0.68630119245127057127 0.032456872671879951687 0.23570745098541478482 0.46564147614035406952 0.38058204166709687138 0.49727495996928327312 0.93739508490036637262 0.92562989403937777859 0.91823696074901866687 0.12896879171981889573 0.14600185227831068624 0.90349934654549300022 0.87590646447053567623 0.72603825859064462938 0.74566723858083835979 0.60800322581900222358 0.37677280367467115877
0.48597738204582682407 0.23250867902080970189 0.35404169903002144151 0.3698678285586146336 0.33513284427579466342 0.2799618842778923814 0.52914748627582971758 0.77844358005783155274 0.1913917366266464837 0.27699857442946626714 0.81900374581778408135 0.71891955226290102669 0.0059734728208725775011 0.72450641958588799793 0.71008752048873299953 0.67179766412635652008 0.41382666750708669429 0.44470036826565966762 0.035724408703993143597 0.043629082807160838458
0.61019953032089425065 0.57023140368542323962 0.28045424180861661654 0.32587279812464674332 0.29701733755765576253 0.29081117924454202741 0.17936763693852602545 0.91121418746888030541 0.81475705833402272332 0.41175902058976364677 0.73751534926066071856 0.21525866671887839999 0.61386606318003092181 0.6640072821352220863 0.87811880503390513444 0.81130936821996704923 0.26188246112442424508 0.49504278112340489203 0.5453278449580217534 0.1367068664939220779
0.49514998185920085965 0.32428886680503305498 0.34672980636935370375 0.40139407192993135123 0.00039856351348050702774 0.55612278218098795343 0.79971774091012609283 0.00043359496181149501408 0.20527666994566749813 0.43829284737437655429 0.68562119924874600569 0.9028070438004549535 0.34611393029074154996 0.41374225877495963017 0.4545595198837117374 0.041015387897002331509 0.19337005850515440994 0.35836039291135224447 0.032049721791278393376 0.75261740687961300252
0.69677600481737402721 0.93429848615602949241 0.76487332773123130613 0.26107824514228176045 0.15360446579479179914 0.53483271949833375767 0.42322096363633306257 0.44384635200767183987 0.053579634981424871553 0.56472009824355613288 0.56524806099481003641 0.20372917585443488264 0.42332375374637040645 0.5196878231488080153 0.88261003812897741318 0.037304415629525060718 0.67115862902393716812 0.55064532192899795743 0.0025133861980891766754 0.35697210270380711774
0.31041000860720578024 0.18634714050207496421 0.16208196537941232896 0.26208975075680774545 0.25524710020679606181 0.098523394213953575807 0.90959564956816912548 0.786148604269913066 0.22989447155886097039 0.35830287527948324346 0.74450633141178738228 0.22718111015625146914 0.04821499064150625393 0.49365549309115682759 0.9014767252370005566 0.74450532953340476923 0.70599967857185087821 0.39703809730158050784 0.18194508799547502465 0.41690366052048254234
0.47817908921248800076 0.10971464710623403551 0.4120937363927592459 0.19849214411312816658 0.32404785551652640714 0.2710656906072172953 0.337042007254232367 0.035201430044033386608 0.86376486519656288642 0.95414815564703601628 0.47277508687874283207 0.71695188196301689091 0.54113169589335441477 0.30729847617925217868 0.39317107907939559251 0.16244290135273344418 0.84715767544577908014 0.89684237301475863658 0.17069973105817857773 0.72309430960034074557
0.31196278040223316482 0.87243323789306171496 0.068278930859368415398 0.78520592280626791979 0.51590135153132890279 0.85772649690353059218 0.15031340349822849942 0.97489549289746035333 0.45875790596228993617 0.27712715171950330747 0.83622408704917916046 0.79049702880715235241 0.7045823903366999929 0.57512108213214851565 0.018323226262597752103 0.5018866790214376617 0.74904536144800181076 0.20277409455324136 0.17448027994454853862 0.98249379408248357551
0.80319107842695935717 0.84885174757057355792 0.51961589947202785702 0.19166511708808184263 0.081063361653967880185 0.070531067438047396177 0.96469168820926473026 0.99326713549184011991 0.029098233124479812837 0.52698327085241484206 0.81017134161499963822 0.55209047704762541115 0.88033959197901824503 0.43075719669238646996 0.056076656450453697515 0.22992513123567184232 0.22388476219232042637 0.0893222511137526827 0.2200461566080069952 0.19654154178506484229
0.65984538925288377636 0.55530721444408499539 0.41162406826555811339 0.13485822832804358825 0.1893466751213530411 0.40183746562779783815 0.012014183161055067397 0.33241275943242596936 0.54584756803374845119 0.33960952447879207399 0.94296490436393983153 0.64760477854022461278 0.14105478638900535531 0.80380477596183291962 0.070040881377475140864 0.09845524801764929298 0.79732016559625742958 0.080174432103369705873 0.52413651328105626031 0.35600867555215330216
0.12413147856301242939 0.01496306868731588183 0.49376997740495592355 0.969970119978275172 0.43209204211987510335 0.72917284693652254033 0.61327318843130052478 0.88186514272566436114 0.86691872035297219229 0.29600795819228978056 0.92591357310386632646 0.52500158042079191431 0.37488216021882623657 0.41702790277147069534 0.71835711623175021686 0.5730887329908863181 0.1708186492184389428 0.083698325105823415311 0.53552377473945476076 0.82151346357898060455
0.92425442183228368376 0.95913480725959093782 0.58427636823419870979 0.26795861476580136088 0.67018009121861593473 0.73382162002726944813 0.98313208890361858345 0.15484216635858621502 0.40941520248941562596 0.45566620465842091938 0.52398291055610659515 0.38654127253702613888 0.39143675562079943486 0.50502349243809030617 0.9946552755675544788 0.87497638859642010406 0.30659707339903844743 0.26707672311507070956 0.77857764957940642968 0.49558372312577471288
0.78687998245105931686 0.82702033743366519422 0.35603650583563709292 0.87287171192371860843 0.026002495659538715723 0.18951030209551308339 0.028061082654274349213 0.34839057997495972817 0.19278900317894584525 0.33625585381751774838 0.57242250103133495337 0.68601994341413722467 0.31293887457444678535 0.4681013133446568907 0.58404039868627802664 0.48562005500440424787 0.9699288567967860655 0.53239770162550632604 0.92429085783027986433 0.32839176957909351634
0.64144354506691622994 0.26477666101433055081 0.021780474343468646562 0.14378735936727559731 0.59452187755222154163 0.20779014903961086965 0.95872874075111120173 0.78785804911881683957 0.66286631060508752775 0.76560766253090870064 0.94234141958671767305 0.26126038447729646094 0.12877665933281706137 0.50476972743158381505 0.20447491717858618394 0.11522145561159623798 0.95795470920710534493 0.7718533756236992476 0.43547285717528907539 0.34416558294492565753
0.19024984124771559136 0.996901525919505415 0.52957226740821720262 0.90311566901761649104 0.30033293475500612085 0.070415539226088177558 0.74116310547052472498 0.56315509635492328578 0.98695839496173594444 0.12463965372053291121 0.92676857792136369191 0.85634844811606592287 0.69050121732465492337 0.85320576084981591486 0.80541327880729721503 0.85010110886920269881 0.59251859546187626621 0.75446869199454943185 0.75829598807424149188 0.5893300685810567659
0.43858100873911901691 0.79838382172430082936 0.6422299120830348803 0.2920969857670283084 0.57851535686368790214 0.75577157991585024643 0.84716248067312116847 0.99619237284161830145 0.35371418314097279539 0.62552877868933247688 0.6708535905402842183 0.9461873345160445348 0.85682904613496723735 0.098546141897337753658 0.77360416132900976108 0.42397480136309728557 0.22245935011550953508 0.50585892258672864177 0.16296663565281653817 0.51365260171099186222
0.7215967678984975357 0.88490703493461498496 0.62651816522335152166 0.99758453368482392562 0.093753972996879297191 0.13049611050102082066 0.60939582796770859295 0.7843135444063570368 0.68754639386433671254 0.7815971931374850781 0.77331616272664529659 0.12180034395117651384 0.56101723289935092698 0.46140356802705446754 0.12370028179260083347 0.27051331275402056069 0.18876587362385026267 0.70792982936341212677 0.44219407816464690236 0.75767933448721758638
0.005134150066780974824 0.77433540674640448918 0.89422460561687938419 0.99654502799173636142 0.77545117554035129554 0.033606260180206777772 0.048607841561732500785 0.9672103586798341243 0.49736101698285272284 0.052560680048733222187 0.60675677277344870943 0.63370958095932446966 0.40952362103651603021 0.059439747009756180372 0.58087409189263140499 0.74379593497422432318 0.030997872979892433082 0.93245175114307252606 0.057612442958901206142 0.49110746770198529727
0.42593976607578769923 0.12360420635974987024 0.78456552511566651293 0.11246447641032578552 0.035776080422858474886 0.48521427385059309045 0.70805143925968469233 0.19443372221794763213 0.043416397515961856809 0.95979421521682789959 0.52659437408290648284 0.62823849032057543931 0.82446825457973729523 0.089130216029403940014 0.83151415623266362631 0.35721792319145162395 0.15030134262989721912 0.76327867560744747902 0.51179199844494016207 0.78011249110734029141
0.40385291712159596432 0.67460858534803050043 0.49059257580100753887 0.98645568314160533347 0.33020379220202412891 0.10838887865210449077 0.86796620750949178086 0.89582646192990900331 0.63089515368906483377 0.90933498958343384524 0.6434012660896610254 0.45586326857130210309 0.41909088774283439658 0.82276788315498032708 0.81814809090666448934 0.98949204265989057077 0.67085561032141290442 0.054509294181539351279 0.2614142270682884832 0.40518451749899129014
0.033102848198447095925 0.13315738119071720722 0.83562490020749047493 0.66856209122950356524 0.65723502687121176089 0.78328134958683675589 0.42334068224502394438 0.70846305991041821188 0.93297556675924767024 0.32866025461535292739 0.019641430133786580588 0.081205850910257300086 0.55172791496442661019 0.75111945721063759447 0.39080267342407659789 0.96156488471216483268 0.27428290562385781607 0.46920992156368382067 0.23464939189833709283 0.62410910373086170939
0.99750663775317228717 0.96652187583449330766 0.038933957733129118443 0.17198620678308823052 0.87618232998646720082 0.0076588696622721898948 0.48472359171013412407 0.96154459372484871952 0.003035840358605814142 0.72923195592345416946 0.075592550743243560447 0.00080312705967567379591 0.32734363951880281771 0.66250531717643132987 0.12818955280843368795 0.88780368577700792901 0.94824070414067002051 0.37611185958924756544 0.54670464466351718626 0.75255638022345260139
0.29661859905495642134 0.1076288215684272533 0.31977909894982556446 0.31767701783210102243 0.29549803056367268222 0.73218238513039163214 0.17725017712541234297 0.82265853958760799846 0.75206969336546002243 0.52587140001515683804 0.52220298584764702923 0.65580323587713066123 0.74398866696256012041 0.30432110983603961445 0.35293013432124444479 0.46236465345089774407 0.045755393101893743874 0.61059658699644938398 0.69205442486592305999 0.18224354197235499562
0.1577715153545104082 0.28200511725024216458 0.58426569663567223578 0.4263438048577943644 0.63209972690262010236 0.66355736726033649628 0.47797719396346733029 0.235565696847957108 0.67190542839268838137 0.36429776715600304152 0.80997832121405445696 0.57614683205429701764 0.27690993914651703821 0.62007108640319563453 0.43914538209808912778 0.27417253329441744415 0.19940790819090601125 0.079596295843975245444 0.15787153737257570145 0.97636401808749677828
0.8547452193817322184 0.10967571811520498509 0.14228232999735285436 0.96604479621453900304 0.97948301870201367201 0.71719753058407088132 0.34766336360449492335 0.1397675991340484592 0.94801710710234061871 0.035114383572117390236 0.91254037142064057657 0.61337594108473246073 0.3140263062841271509 0.79864768378727275718 0.60378812294196939785 0.67900032471099176459 0.5820797279097259132 0.62423301570114096454 0.54228720396327897182 0.46820522302424664779
0.83548774778052089699 0.96565982165765989413 0.6589040501276631449 0.097465500649283024208 0.95701735392375915368 0.75905838180580022804 0.018728472776730438183 0.23291464200142947207 0.073221724830829641381 0.70129105920013918267 0.13817725503635639275 0.78421262239964315851 0.62926605790981652471 0.76598427747805646455 0.22020545364685333934 0.8358180474302033822 0.32852396470144899451 0.66934703951826240808 0.73738735778173742638 0.80848166700673965683
0.76242536853804885905 0.59920336579749248525 0.11094738911102056437 0.93413262660298887295 0.048019938879159148552 0.20621180786143166234 0.38328422476781786113 0.26468854586303836317 0.50029445280676754535 0.23518806609986594563 0.38137556130070899814 0.43424229438826427379 0.72789482534016061027 0.19887262418281358861 0.99392307049604257835 0.36469131932393957863 0.24157061163978794959 0.038585122914227120133 0.99307963667782536146 0.001488586436748227449
0.064223468905946456877 0.18800930722144261372 0.3892378492712448313 0.38398806615302024335 0.21281454882886997084 0.67646033855369861338 0.94945704420921639861 0.048675318940841444761 0.79940229061306850662 0.69161959388825004682 0.0016154405809853052719 0.86272483380176140312 0.20162156293161783127 0.93161779418415716281 0.68379542210942983207 0.22654861387004079839 0.13037268405420196331 0.83804919025642737613 0.6836409247111484217 0.95418651039488551474
0.37891717028180543162 0.4631049980524641286 0.088824797952473032669 0.84655829618264182251 0.72555190699732841151 0.44320356466233118615 0.94327113576117273914 0.44338134270274816187 0.72090167736840131798 0.81847287562703234059 0.83452249752960305871 0.60065838816556551232 0.51523989727469661194 0.28503992030248079579 0.66225948378957247379 0.64459695904167849524 0.50660567627392303106 0.20542546090004637971 0.88265975558759999001 0.20243469646439574659
0.11371761903608005977 0.99394983737911333637 0.84580346632144934711 0.94396702778916797731 0.33935666188032719047 0.39508214826118938059 0.086033486868911058121 0.63122167880202349212 0.79881585626869389485 0.57658999789419465744 0.91139520958412693484 0.22317269967784213446 0.68373355981457577257 0.85895141223789917755 0.33279197688728306644 0.94217475857658212606 0.5069532555863726768 0.123436112907480858 0.8262300228583974332 0.95274026005773372795
