100
0.49504951310938531261 0.70460251379950231354 0.76659151628190770405 0.98212219556614577536 0.48584534405108134901 0.56548980406502268151 0.22737441013129067001 0.88392955189184467931 0.99660787493510755104 0.443577358841314596 0.66156571964019234163 0.19240572582996978219 0.5657038612218088822 0.11461893643572757548 0.97682964146611316118 0.57153310468475760031 0.58758827819445922736 0.71766254848408240482 0.21396392654640147135 0.47666555257213017604
0.78335287430039449586 0.77697517851652471584 0.63319543487252164101 0.015884974966586762021 0.67592850844323018101 0.61274124730454004487 0.80895115981188269925 0.89729510058161174134 0.8796692675455140808 0.75272619336720226324 0.98933914418703320265 0.5705775330170755502 0.85001064266437924456 0.78867873127468871101 0.54789067306254669913 0.96971111379797463178 0.52188445592615808878 0.47229716973406847492 0.47875662068247140733 0.41515418894111131063
0.66605125061175319548 0.85145214793751893353 0.78827869926365873749 0.86845766485597650897 0.045051633937313156886 0.086926591311875477043 0.81906922790825510564 0.67932595713650005824 0.56646472496426781244 0.54512384718873700831 0.4943038226084033093 0.86907237783494755773 0.26427859491015173884 0.71516417073997708717 0.44032129201019205579 0.89387537661144295277 0.033515195084184924181 0.32645832669208232028 0.74231746106199616986 0.029922071168300617592
0.13665027994147527186 0.87483523101705815096 0.006350196049186102303 0.5453977496436065836 0.60973343701850014415 0.18044362656362562168 0.93894856848776063826 0.27548614983895704141 0.35707756076884429917 0.41141187845633322707 0.98909491421439793714 0.62980001414781091912 0.56833625718926843059 0.25201700697875392308 0.9531502564403759946 0.022415392835773542408 0.34721465231976023091 0.68621808921662869626 0.53996928133059835355 0.33533392371732037747
0.68714514399857682981 0.79494707018058467091 0.84989178710623070696 0.30099655049948818684 0.97871197650384929859 0.35433280011907884965 0.2968827392528362529 0.91693717291667858448 0.25957321368473739917 0.79171854570760747332 0.10295438675368879942 0.046778745372325438649 0.39298379538372139798 0.4603107121173345574 0.31881533114887404627 0.8657613962151119651 0.089196519301652645994 0.85645006875060505436 0.23901177816896845352 0.49658872411022175026
0.027868329996218595091 0.054659694941476479339 0.41896576534234599982 0.52701269850787187072 0.060402386034270921463 0.95356899507809761988 0.21722680101500437363 0.15074161243453618268 0.83222426696253143282 0.85015898304560063518 0.41985428763450868313 0.062533462683553944187 0.20308027677878674397 0.91343894748521404023 0.4395042779175507332 0.87090135581938829919 0.52787382116148625949 0.34788304837591878076 0.75739621117152593921 0.44840249902310811184
0.67508550999268733675 0.84203855449415957379 0.11433989126587196906 0.9687887023147017293 0.58190330538833926795 0.80409385534569246081 0.53501500175042711896 0.14564602152822199601 0.16789627467370028412 0.45129439790245217919 0.06575595594698723374 0.29560174472789787039 0.34375551144233727481 0.23584103703299674092 0.8694680130493369865 0.50436610741848731244 0.42280833742187730372 0.23221507515675022441 0.58213943117882619739 0.53529676828974772702
0.10687203779564678915 0.93041933847132751836 0.83301028956190945209 0.90097048766197696304 0.40456066218906652581 0.68967349353784151528 0.73430031203312399741 0.52464594522810959468 0.57659863393449196526 0.45599158019410318294 0.17896404411467903484 0.33786484056695610055 0.19080797592938247799 0.085493795331556420047 0.66776035004624874027 0.19922819850681207815 0.95930954487726185202 0.29835603464741840176 0.64613787650265214093 0.77225233267548938453
0.16664391917172996217 0.27725555405100636236 0.056399798880152180098 0.41291744060846329853 0.067126821762755142396 0.77141557577102700294 0.27641590688274668034 0.73471662734770974929 0.52495960685782845515 0.29272253333424665681 0.21650228638964795296 0.68481344833500529446 0.13244150433660450934 0.68659540603531554151 0.16255727910411973296 0.034732888747239134674 0.79802081554821797021 0.30182195568183635572 0.27222710082852691809 0.73588337986052064835
0.3784595435997374557 0.058308640967170959708 0.20442310681041065752 0.21985497768113270573 0.1746056178320215445 0.54974236107050807184 0.028612462269516833729 0.13297170400027898558 0.25209555306224360052 0.1912194671623357726 0.55754257736660088466 0.58462300998912419066 0.12656719225966036831 0.0034558380258575691004 0.14257752477327437376 0.7380882984168968788 0.746758616726077471 0.98018378929775351756 0.8858263570889558177 0.66164685779098424113
0.14799149704818903746 0.50334820554378801346 0.3158265722242687432 0.74955009203504962016 0.99822555933500613565 0.59247323828717501573 0.23245079933761019175 0.99302490146499793506 0.13512769375375438655 0.62901300630134968908 0.69058674144071523671 0.35586630631506695291 0.88901444801981360653 0.21551525353139737602 0.46002494140098334168 0.94366669992980862391 0.26353096278254882029 0.16698147792286159981 0.88486711237494588547 0.066220728763985303104
0.0014808688863648543279 0.89208478501509831237 0.75579312635773528286 0.2698605532314586382 0.027732152656882591438 0.11485521550306933595 0.8641841879736254269 0.39574300153319368154 0.85992287470105816866 0.15602039054072216209 0.47206813640099011141 0.25662023919361690277 0.16722432394959463493 0.071267933957798189066 0.92670633320219130807 0.0700426453570457209 0.50328000417665877907 0.3397902030309334926 0.50426702997390098686 0.08983139294907362696
0.82432705449047762372 0.095086582146335521125 0.95109823147881407103 0.83438717517170186256 0.40665047966769214672 0.12292506207224574485 0.31211386470286469447 0.95546277309214154057 0.070168729814780755882 0.15670048373393902333 0.79240944377830035543 0.12592551671994669973 0.07332001784269228631 0.36056463324872457284 0.89266395226335288471 0.2078225333526071576 0.87826143654267540021 0.98811067128727623387 0.15311988382106838134 0.84830717902374826628
0.31796967141514181801 0.38586630878163880477 0.21499876990189446205 0.81568331653461375105 0.58941792126435954872 0.78871218988688255816 0.172981596421710899 0.01801766937646359602 0.81053818385776051347 0.21523507511177699151 0.98373314604819174961 0.87541511026880634996 0.78024208429811919157 0.29516844847636588921 0.058713354826263094608 0.56557654471354580611 0.49382503020965127149 0.35745248393420276506 0.7421233206792376106 0.7406294965709582019
0.83055102463091019658 0.067628091645699136344 0.071871573280289225761 0.88097737515758675234 0.95715345030560833279 0.86979106729984141796 0.61505544790927607792 0.9591784678402858796 0.23938294468198146025 0.20345338306840448809 0.74601299317565452376 0.85877998075547409476 0.42955553952718385718 0.33917581657835588563 0.0042070303610600383705 0.49628516968405743165 0.052336826817907634174 0.35131312995810503783 0.66513337299786945623 0.58288492325124930429
0.26387656649788831831 0.4588977231807023911 0.11789486514297747524 0.9602447986232844567 0.40366034828328942224 0.79308017001440873933 0.085210433077370763689 0.41897020219578196308 0.95335337585477481561 0.082797011295232198717 0.5977827395496914643 0.4181714587483899511 0.30374891538020358473 0.531313590189979766 0.76030944300998823832 0.21144959990466690109 0.65693063999210958126 0.12795267519255469922 0.64829593028230428554 0.00057552406354838817797
0.90506101418048305954 0.19296826375478419983 0.61285911677131624058 0.15766413222946061811 0.034693350840303525517 0.069227721261939974414 0.60967004490876024214 0.85216366519792857394 0.58967187679428873637 0.36721274311450597034 0.75480628006370470027 0.47247033559401352697 0.85283672520081082319 0.25185296672367698086 0.9635012256032159314 0.20168358671038355594 0.31424347821564448829 0.55192020745549343465 0.58990307100292426953 0.81643827543920928177
0.31712201662816307467 0.34455665277009352122 0.16615784076994873433 0.56189418003440596595 0.3806328744409138451 0.40999924835340803862 0.66815845049278940889 0.28388501619609825407 0.65012762899269284378 0.45428983533854242811 0.72215134967633917343 0.84406492488271478848 0.55414374349049586206 0.95387715970246340002 0.63621107007211719395 0.52073543639103550074 0.66850392263183667038 0.75434121598207494919 0.11059581765713147561 0.088127159197726858103
0.34424642268353277985 0.12487212842621701192 0.044073313434103104892 0.4472085723655157159 0.19579056714595188251 0.37077548408891357486 0.70570691649250557123 0.97127376190849573764 0.39678231627723500147 0.43908390383449703219 0.21713100054584703381 0.52766552218865698154 0.24660212217057334174 0.048924986779202348755 0.43364461715146332193 0.19530352275305351746 0.72796847490271915008 0.90714678337342554131 0.33761929355369175944 0.47182768976903095647
0.20136405323185432398 0.52081951219072404239 0.45583893303265211921 0.50652671675796464396 0.68394482746838367889 0.38204842466818243881 0.92548606826078418937 0.46751083047084427205 0.76440187859860571156 0.82439477626351840005 0.083803872011759284692 0.46292873794554916986 0.91093047698767281976 0.25725947397630479424 0.56630059191475258182 0.015585831336510022453 0.33740779969387689615 0.29571538538487806484 0.31023283956098657418 0.66564730926103300013
0.80768825430870649245 0.60363377557199668008 0.48292016400700563442 0.42050794568168745632 0.063997737285964801063 0.83395157824981767047 0.51592942650442035011 0.69689600987915188197 0.060078165382426317715 0.18705823552268830773 0.40956393591965106461 0.26450832739812635996 0.63942168435806099751 0.53908053234084642397 0.32525457778100064319 0.1947127864612572325 0.32434981672588536499 0.75373002502429240098 0.032921606073685137487 0.16482553468639120727
0.061292036290262286418 0.86734668458820792208 0.61062624444249935187 0.16518974484843580952 0.16732803417742182002 0.21681542504396478032 0.73391741925214717382 0.061992373064068729844 0.91828356953640554892 0.91232681073192428846 0.88336609627984199078 0.12199349472783012485 0.4619282266974359388 0.90862233927881847059 0.23294271746053956952 0.75529807942008849006 0.21307553146830311252 0.72981163953426364874 0.39102190135821840368 0.97338724983063653706
0.2739923311483849534 0.96741312271750269885 0.25232933393563672207 0.80266295462231367454 0.1156887112742801445 0.19402015172481202417 0.98486008244756702339 0.10015894882210206923 0.92875202845181479395 0.32708228105154456327 0.49829537552439856068 0.078232457033373678046 0.74051897340784690024 0.46146299003074381536 0.28927961656281620179 0.21211280984753141775 0.20256845012486487061 0.45290400957365320597 0.19591088596040701417 0.24350515869232087764
0.97977842848281415357 0.21986705202112054471 0.42034655815280409216 0.37779738882410768231 0.54551166597684548523 0.74459019878461134122 0.60104105390086441782 0.95916952526849215795 0.35027156729939167652 0.18099036094381038589 0.40981960431781686634 0.81964454233718354626 0.083891883738609490401 0.26667298878701446285 0.1302369092020739396 0.73158410153770779652 0.23523128064883851607 0.2094170106694970792 0.69141497628133299561 0.75771661311915038068
0.092632677253681062286 0.17372698146918431764 0.55043846669837719613 0.18453673547132181125 0.96607851173666273214 0.21374567413815439193 0.50707008476827353824 0.054329900086937272846 0.35252264241250559423 0.987863393768094545 0.72238856760426266009 0.43383143124663102989 0.91679472704690276167 0.73324738107906483838 0.24752234360018267843 0.16074005377365187296 0.22930700853568524898 0.13189777796637170267 0.63333857498628745098 0.65014864704958353849
0.93948010452510462845 0.21207723646596909623 0.21538532822323421266 0.78560974815228264715 0.038241211964916450991 0.33535647104932256107 0.37691379616044917434 0.39748369223139632121 0.13081806416637849905 0.15906366222519141459 0.60807002890355240428 0.58774872432411568639 0.83666334653652161646 0.73151590567428946354 0.20638532328402982199 0.056360899904411908268 0.69425377134016954574 0.88009680660549848789 0.9080953680933647337 0.10327396096695032432
0.51506511688871043194 0.0030423960175455406498 0.75869086902494130959 0.23596028259085726251 0.75868787679877900987 0.55005721524318582181 0.071111563029476379375 0.94574210996470174797 0.96916867922126158038 0.34163549756178939945 0.44631362459219642405 0.57742752422624912221 0.46626973239946480174 0.77262555995358512683 0.69361886588222105285 0.39445879206395051555 0.4334457396900435011 0.074019758311386504152 0.84426272260244820435 0.95755002038711217949
0.7451457191738588906 0.2902622333088866306 0.19340212789111003555 0.31786397770220039139 0.47612588912513665847 0.33497354400725515115 0.32676245147730022277 0.18553578812752879817 0.82299182827603504153 0.094279726479222100699 0.44504910116827623519 0.77996418073072667295 0.035363141395170392131 0.034166698545181037425 0.72327763675155468082 0.77720344168173989172 0.36149518124988485983 0.98358506525548940349 0.25295662730542800768 0.092580554885412439888
0.088946697026788012097 0.55955288024641190389 0.92781402669023826674 0.4122164882150702022 0.50795841367489354823 0.47883740934969953228 0.12919722075672095254 0.27710066045678679843 0.12260287286081536685 0.27066768417060388109 0.63818717093533502174 0.33836242965477876705 0.72227629830691001306 0.42122343652941525975 0.047233558070791089114 0.59487459247706228393 0.96945672360761808869 0.84843047633707489679 0.18422841539316708886 0.58694940596500538729
0.06079394742151506372 0.38231965892404588071 0.33293099949929378826 0.58928942775268505636 0.61419913338068723589 0.12176118645130556148 0.20193489275839357857 0.40101655399910611261 0.91813401818612122031 0.46701568515985230972 0.22915003084965872922 0.079395338261706250237 0.15868580327608228947 0.75779810890003608884 0.89346172170236574331 0.63881036013796611833 0.35564539771710173367 0.46476762931393190092 0.0054414040954934638308 0.91076100561427912703
0.083708658006231492505 0.30691414695737270464 0.95505698478977530964 0.27354998998156987346 0.35955384976189722681 0.16825327424810020165 0.94431161219661503896 0.45099059787296868281 0.41930249295729278553 0.23679520523773886238 0.83507150262688233539 0.28386618293658232324 0.1124633952893529804 0.077595644990259560734 0.90211164850288785193 0.72395419580502213392 0.51490541469161524578 0.56167463911717277383 0.87591355220348616199 0.80078790524869157482
0.59179686042489218327 0.25840662178736723161 0.072035000315926824867 0.88262319862965551791 0.88321052771181933027 0.15361014108684296789 0.19355733200685424001 0.92265623985662651037 0.8536927156268680254 0.27841567934252686001 0.77514282368801261781 0.493360333350066301 0.53902212947569193448 0.46828247419195875997 0.48944857329094476964 0.11010573591133122635 0.054694625636337704017 0.062940557968510900497 0.29954782476455104484 0.72038957905157267577
0.77166373659752200893 0.065695385295345110749 0.6023896331367364901 0.50394600570586550487 0.12358393524445844634 0.030452789752290856365 0.3534708134393363174 0.84073779862966910504 0.22336889552255398492 0.66536410378926444744 0.83598800991323222255 0.36874798479439431612 0.88548156643605247028 0.4199101130005795312 0.2992277059632252138 0.93447103735396117903 0.27661400414701037823 0.70178149989704441907 0.26643414322571039852 0.69204353034952414877
0.92344944457082101631 0.11157403952860845981 0.96293429077620135744 0.50863083830440445645 0.068454169900258935583 0.14098330322137869676 0.019017564236776259826 0.74850583955981443322 0.21100088408335403449 0.27192739783206159221 0.79153873769004722336 0.34898246040303433001 0.77640040818918084551 0.12424241236357146258 0.09984084884197743753 0.47827089409277339667 0.17815183665334743816 0.058183939521139369183 0.27437323492977513961 0.44238714585039698516
0.95767067714067462405 0.91307786309120796201 0.39261838283598800829 0.46249600430693606429 0.74974377943576610501 0.66825256881027383118 0.52219590458277546111 0.46445786839572807017 0.87550172590486317453 0.35517325467148966052 0.3315405535411226521 0.32697832592405977413 0.53724862474281992263 0.24708459120911462547 0.15418056118640551086 0.049517670684254153188 0.42515423528289592828 0.55365694925011640459 0.18605598013984603345 0.44375577218662799934
0.6104733051644880903 0.23830611398556305171 0.71898414854794633815 0.08195346751880928384 0.63313058666456128564 0.87552125472093694558 0.34384581611329530264 0.39601868956385492679 0.83692277227788751224 0.63557648985108699521 0.87527692466006661118 0.63705011959485380551 0.71608629234062819955 0.90198918636766021735 0.47224778116677531046 0.69334731922491629925 0.85733277277267547998 0.69570993808080110231 0.29346676298629044308 0.3386165712653314429
0.44192007702757750865 0.4583619042006750912 0.059334411242175935598 0.33263892389651920532 0.58275080654203120599 0.33922731875212988497 0.47675390568897563865 0.087132122813123157187 0.40928208739283269176 0.63510313817177360544 0.47078108233307187333 0.38570447364810307489 0.98210608138567097596 0.34141620706785779011 0.45616812204549228007 0.09497193899922625886 0.88181419441692937647 0.047727174141769438992 0.26259292641157613412 0.54289076836651768102
0.78138481053787992692 0.16712719215851245381 0.064043015157143814899 0.74408728279357387478 0.6219591034547860096 0.24112417764724640012 0.86872439475073414983 0.2876554693644688028 0.74057189763303216584 0.33137174809633698059 0.50702398521363245635 0.99942924572405144896 0.31764597710591706823 0.66472845960261839191 0.53324174255116897609 0.41929269851359463793 0.85530886889755408387 0.59505038662600523127 0.75129346184835041643 0.84246126802016573133
0.66033254965371414942 0.17602022764387929973 0.50092565711823947597 0.20428726324862468906 0.74843798606829761602 0.34315791226037079052 0.13277094206795992499 0.19307235625973790094 0.77900026763069949495 0.37219331369013108917 0.02326217313289924432 0.94322928950623677666 0.045047169180689013309 0.11678067726898402461 0.13831372185487720753 0.24144171709465315318 0.611850215246565364 0.94185414017577932349 0.97965303181348153651 0.88684720062315884566
0.62717612825529080623 0.8553378818087517951 0.80972061712466908233 0.24653198371708617831 0.79981216809706222868 0.41050748091345169364 0.51968813940789464168 0.90345418070258108915 0.21922524863872724953 0.84302006596268515379 0.038041466727379089974 0.94344143747265480965 0.023650633828487007901 0.68005420072809727764 0.15404447666535536857 0.52843338810186314078 0.8201970050832122223 0.78627390235292003717 0.51057457622219837919 0.56871117655018608961
0.8824599922385088157 0.029904059896156693753 0.39562202748680304402 0.94500695305313281344 0.41049688870696997311 0.80556465037705943217 0.18282619997909982195 0.28868585035863963007 0.70652660858602479979 0.59166837974020129883 0.85252758267482434725 0.62137806777825521973 0.6368778126424201298 0.24478275857299031923 0.38086218407071114212 0.45964486096839117106 0.49599935225830920786 0.8935752563184458926 0.47586240738894716929 0.030198903589417420881
0.38249118669371966504 0.89956346131497662532 0.18883203323612910189 0.99452692395434788287 0.19070435589187070439 0.59791066544261957903 0.92130730668989872534 0.56210948214512272063 0.44583870626599831803 0.77806005878856214237 0.26209120093335034013 0.28150966006809714608 0.51490608743196049612 0.70073142234483423832 0.42597642973948261194 0.65462672078045133572 0.5465277549065460928 0.26539648749216199815 0.0088254073872314579559 0.15509603086367100886
0.010789408662997883542 0.22991706852728423509 0.50977988044494028852 0.36490575493126747056 0.7164204981068678376 0.98487390633454568225 0.088149610810066025639 0.79691962145812385396 0.56189490154449160469 0.10452632870615720438 0.61258479306190825913 0.80133307422124062719 0.75752995315606264586 0.64188172322545517819 0.29574509399228397956 0.53600854963191957292 0.87805436378302724958 0.4796796055275680929 0.078937950694267956602 0.78599802825198141073
0.34992305506294210568 0.27831554293385380729 0.53228548180000129642 0.78007253061919706459 0.83720044915480024535 0.28895005492065739224 0.19858969447561064308 0.8116702408213378786 0.97873862513649534454 0.017217702872867523634 0.31331449752461117418 0.40885593137432814142 0.72330485548484905149 0.10289016132657104522 0.79386084095928472924 0.44219551498335613016 0.36659298846617621866 0.1404993103820810109 0.66014995534458494839 0.53438284262436686078
0.91702993307615202919 0.51802823490003545705 0.74790343854800586258 0.88649925905556729893 0.73208848744056900646 0.5240812531097488154 0.62280861235957950446 0.16958422837826681435 0.48090417284890297713 0.035347101813754881587 0.95403749118487997735 0.33156446498374596028 0.033997301578362199449 0.84192824064694277663 0.63268760022826199996 0.10202474200634699376 0.60408631581364634431 0.94671611219152145282 0.072396799665192579744 0.23542950821066363303
0.78826383196280894265 0.52346997869120737059 0.29912230791499277841 0.90953571793291898047 0.20450871290488455834 0.80472396729404109425 0.29164039106254497328 0.8649440930386170366 0.33466559849970710854 0.59504502517665129759 0.98245964513558216806 0.40191795614362772505 0.81022577379823456988 0.40782387875215981335 0.012344285721984705128 0.94474724443583332762 0.5814148153996079371 0.27865820331055303569 0.82921643350020002831 0.85114716515326239256
0.36826408112487012863 0.57640463626699889283 0.91602940217586883265 0.50100790811755406383 0.68424937191025301787 0.57691873355967307349 0.087411086735369347971 0.022130776474093213262 0.2132757986231586494 0.060278090674234283087 0.8844788341563967269 0.34451837821542382874 0.094589939797127569839 0.14629819590803365913 0.23258162530072577177 0.34799120761139986843 0.67741243869482951841 0.0018880234448334159373 0.49999062958762789807 0.10100086340376586538
0.63222352694450187008 0.50903290526530921539 0.48838345148349677171 0.65689848249114691727 0.035941964288277614961 0.99124248394224087914 0.67844080914469589787 0.38969826446911067397 0.089348654019992473398 0.74499101042029827074 0.9474633874283785235 0.65003607551802091222 0.33377010159024545459 0.3527715318065660782 0.080355411221134843036 0.31382501907706646295 0.5179906365342175509 0.58655748866045959665 0.42917171350330064289 0.073530947186420444334
0.80753365152255890402 0.086453464386995466755 0.34893538706837920721 0.4131255064073384351 0.36413409645273545903 0.82476736679293605019 0.81516228233303687496 0.38495170064398238723 0.76487084265987591005 0.85499553566117212017 0.96242464328640987809 0.95541547676598862626 0.58376612305796536065 0.91540324644121600571 0.081332797272520753493 0.73232411179756756742 0.078209182059730597233 0.76220698421699677443 0.47783012658180454551 0.88005552420761233329
0.91713415534866632293 0.32500435310973167953 0.94789141530304530758 0.80599091244743735176 0.25245921098029918924 0.16023874350373923842 0.97867351685653963475 0.65499259932557760204 0.89843379755852876016 0.24051811574177732499 0.7363483800408785551 0.025165379860226976981 0.59656490526995915538 0.29492022561488782364 0.68007292124547883073 0.7694550357478345325 0.051434497085146589515 0.15755927820449375221 0.42967291525823625789 0.36450895542814797313
0.96255285521274378435 0.64309276035534327292 0.24997640083879813612 0.1344251675376222034 0.36724296747998353427 0.29517526061921708669 0.013682669846832396854 0.045622910759186525141 0.98501287306517966549 0.42066578650821952634 0.98105086672444825852 0.0072125056384564771085 0.944829235413824528 0.88643279918617126043 0.097384861901101490002 0.22774562355819436552 0.061651608737421596275 0.47400006250750669536 0.4182985970993766615 0.75755073013919067441
0.29099206167809943066 0.79684638165126249915 0.582390361841107673 0.049983221975482409192 0.47333488871327687768 0.7022046596323774833 0.61856525512647931003 0.29441946462084042521 0.1189915615231895032 0.038369955483035385639 0.39298087534035108537 0.85497169430619419196 0.0033424183521818845075 0.59700049460198991808 0.61547237811651616399 0.99345994476596193902 0.30535410669749267102 0.62234977498043507314 0.84493301048307198483 0.88623473557061919131
0.12638632831252263119 0.4105149562555239511 0.83837440539259895091 0.60837961849386032204 0.48668526987386688206 0.0063903046619917328866 0.97013634316713499313 0.69041620786849477293 0.46575500511870666378 0.64371025464757324411 0.10447341453561708173 0.16049548922607447638 0.58284971945832915767 0.59478802716780561864 0.048884896581201868699 0.075557765396505502408 0.63182379438177483933 0.79241266218669218277 0.6368063349852260909 0.026868815420223931981
0.23605194886002341874 0.58161779330162142055 0.54907950635476616952 0.54448644556670952843 0.2681201286185794825 0.78847109637651454646 0.67250688790745220152 0.44603677112421502191 0.76903880293966995623 0.25135740674439856668 0.79104714817660081561 0.74822440903767848514 0.65325976792303119215 0.46653299797047870044 0.19511466157719170952 0.25128346011727877105 0.48337929847902235048 0.95808204634441286092 0.70526786983373111127 0.25953649478217399773
0.60592976327142685064 0.87722932648209141362 0.4038030227708530974 0.61085960538980269339 0.54864716293835001588 0.081118868956998540153 0.25825885274003678246 0.97583119106416906402 0.83511038913098555508 0.52863965570183126609 0.86812340455582387314 0.40922829138769035626 0.5402263555576821936 0.14428144464821876741 0.5154077515385904541 0.16617980542033672684 0.84812888939584072349 0.85447432930907316902 0.40040632506876352184 0.25452997073453051847
0.80833697790315812011 0.037601264932875433985 0.14637761421505142352 0.76427104213616915143 0.98769318483135914408 0.86034718549794802789 0.87995504481521543425 0.57426112123487725521 0.57623502821497229841 0.3857904768356870376 0.011010104828717035799 0.62176228254795301299 0.46892388318299510242 0.22575409595891607708 0.49898384391942198244 0.06715844148592559228 0.10490981441795714063 0.37154523612215761266 0.1956250612156869138 0.38564961276099237803
0.75674167619776183202 0.73373878098257121655 0.0042432810496817297647 0.058578352874924611584 0.49061036469582306829 0.02629635844659594608 0.98937336178201544827 0.47384036396250227432 0.4570905957109917262 0.37723709299181924732 0.36738532057437634718 0.0073645309749948608259 0.39950288483996588916 0.79160752432589934799 0.95786673096217238917 0.80710598925665287794 0.01559449887028011597 0.095564853456150272455 0.57671130359761014816 0.44450664370175316096
0.025133437619152304847 0.012051938931078904835 0.44913153735999928121 0.66610413565474105752 0.32355463739586500866 0.71641474804712205928 0.96541533813914226096 0.22902827046226571523 0.77895576782254169159 0.22871880566601617452 0.039759193626224839636 0.67917929739370095119 0.2387736896339704348 0.0076976354767329267705 0.17954646167467855003 0.11709919136365414346 0.99272877663140184437 0.36835123801152409954 0.064286290323320038117 0.40986252284518502365
0.070589483669016849746 0.85956479197702084994 0.47119202307364283665 0.3766349193020003732 0.52929244394860223749 0.65504673510235408444 0.1072821590611927176 0.31143355039397980003 0.82091692977482407607 0.87770460954796905562 0.15797942160882294771 0.28852503794695743986 0.75438300882600303743 0.56905681550574680573 0.09236756359620492226 0.20995698991365579041 0.16648571787580645278 0.115298284957505985 0.37559598508561044315 0.3964742485983111518
0.35735246792945383137 0.96030780306735728297 0.34682595198348862723 0.88909199511884872281 0.97107766547109581408 0.41174531739403675158 0.55413957910692654077 0.45186805724844033113 0.24722306730197123053 0.41461975706169482641 0.23750389804502233831 0.59006390067445948079 0.27115276560039093415 0.63518027064861926181 0.54419669588932452167 0.22675599737874082331 0.6430990486659678094 0.74555159159201831907 0.9088280325920993355 0.61458053614427661277
0.10381483641829208697 0.18452931825079281253 0.1358936344748960021 0.07777580422505208762 0.25641562640814339133 0.47304030811412640272 0.42506201401547478476 0.97032212645699276863 0.99629490121285083244 0.43522175091291923711 0.54199598558705902129 0.67155700072127427476 0.20119020883010277562 0.14168655264882294779 0.30905518551123960501 0.32822063066584280578 0.87503002971247296229 0.70275713922702372552 0.22547457298830264583 0.68814500820542395056
0.72571737580297662312 0.93054131069990655615 0.29096388966477920116 0.52278980810163608019 0.67760954453482989776 0.31666772308707596397 0.48267179515889328898 0.46779025546219201972 0.57611201239144184448 0.96759823953336573308 0.91856513657287454464 0.5304653370850526336 0.035738103205124283079 0.91139625758732417649 0.09270451825063799427 0.76646885715749101621 0.064160268798014972146 0.087023998681795593159 0.10058179159597977875 0.4048622441169408675
0.36651030715519797255 0.24391354151453003885 0.13124998176965423894 0.56914068810265572464 0.91254541014191739074 0.084497583227122366673 0.037205670091449214343 0.37263036280272222883 0.69620810953763270611 0.29766990147494006263 0.93641078307161236094 0.90632067746744520055 0.078359213100586494688 0.52608752227591040816 0.63866515800143666714 0.93383805068855238858 0.81672099276683562935 0.79974737968371843245 0.85538503666538750255 0.097885327093180420088
0.24986812392618541387 0.24130159285499739132 0.35900620888655325079 0.39353264626084424421 0.50834815404912603553 0.34982880665493783429 0.14181638435794858373 0.30680224499059923572 0.70134847049627038946 0.74077560529647917961 0.90532668216262734669 0.26052660300235056347 0.50964193389670301077 0.10824066096952706637 0.1032519513931439922 0.14817120985585823927 0.81108023719461175044 0.46839956288037454176 0.80032411474668599161 0.41508555009625171505
0.8525345945795629262 0.89632527660087158778 0.03740173103177971424 0.8180118978590337695 0.45175400465243514597 0.5818103151087520352 0.53790851722203166787 0.20109023182089564002 0.60697751694787475778 0.77069775760082165936 0.55858952628828336642 0.64195895482732640144 0.78350772294585570044 0.97232337702694657716 0.75684607881369708857 0.35609142239344397863 0.24379339899035582217 0.95301459336112828783 0.046731997474128125921 0.15865250338946613242
0.97250027532637147218 0.4326943525714255473 0.61705997397656884424 0.2502529560347115014 0.67007917446615614766 0.53334171061053126843 0.36745319342188862577 0.99672171838569126659 0.46844146738319787941 0.84482769821149159939 0.53738241828369267476 0.97564768788806514974 0.47651421906206741094 0.63709808639795742729 0.36162989090629989565 0.61499913503625849647 0.080637499602441174761 0.55041509804004178677 0.40622141939016542491 0.58497095729317055566
0.64458925186301104827 0.56238954761089259514 0.94357390554675250725 0.2474702165968725192 0.62074859509211678622 0.44664116411151328067 0.080616060126462415808 0.19409065036972369565 0.87206661323883487752 0.68221930690803907703 0.28782951198575373294 0.53297442973568366463 0.29410234875403605493 0.3768780066576171176 0.80571181578657034833 0.21819765743012104067 0.12328834329069963217 0.80605269432695167501 0.75447093107417831533 0.98927456149218247547
0.36077273136972012039 0.0058988013099742840455 0.088175197301733947966 0.2659097736848673178 0.20941575262534149846 0.60666150020436438833 0.47071168088574654099 0.18378668025186116366 0.12719027702526949756 0.33698631481712779486 0.73037109915490560475 0.32466921150775249259 0.74000376884406186557 0.56243600816139527413 0.36952495040378651397 0.94604517851208813623 0.18879448217325116391 0.24412784428696068144 0.75555144885237606481 0.92871243664068236758
0.5013080383515425174 0.31933135371003926878 0.45042244073825315272 0.6541421503518288097 0.099263418936873415671 0.046748805874130839428 0.69579129067684802239 0.06908471794156669074 0.79029752577388700998 0.1724342967042813517 0.26884223554304414864 0.047164359937815495284 0.42718057397778668003 0.60057819766263699198 0.92311162370194099378 0.16050420324195140332 6.700075374829755773e-05 0.20406807991066853948 0.0056488938206927674797 0.79359198663768094911
0.52092548424074375913 0.83110506388077127273 0.24102850506599945909 0.48919595019953734336 0.27108633762506389238 0.24815335729763573645 0.37153296274254711339 0.2696535675326837125 0.2895755326822717388 0.028854677316922367381 0.28766219377120033813 0.4342786805431616535 0.38375900161023959132 0.65670407314626434519 0.39155217420278907477 0.79859631751987697636 0.47092222428327449609 0.25730784795925151288 0.21674011076558299135 0.71660835681606887258
0.93973747584701547637 0.51594813563896525424 0.94444042662635923149 0.94956343719352645911 0.51443181504031703993 0.58072321461953875288 0.48035345674307205138 0.27408473935784453198 0.88060336675999644472 0.070759991953655437553 0.097641298820993840577 0.36879947625410231096 0.73984293547563027675 0.26867265470326887587 0.71767007258052561085 0.29507027065703996183 0.99449031630745250064 0.57924847959547067443 0.46166270080669995858 0.20563512706253072693
0.79793485917922502644 0.46339943288462623837 0.29789694460548380323 0.78429163915739538363 0.067450318771623132895 0.3225028684547772336 0.29599655450527018034 0.1823328165284219331 0.97147574920167183295 0.45409137846247169852 0.57931464608120190749 0.81769126657449153235 0.0021675368131647808085 0.48415112667774603882 0.94285046940972675979 0.71700560890025692723 0.23969462348893051575 0.78152034185182258773 0.98778376140558399559 0.12834597066264249771
0.89441890440269270651 0.56523687310779388365 0.35008743405324367512 0.1052131449557001349 0.91912205661907529178 0.009615874111797042005 0.93885540988207302705 0.066630874021904395218 0.14557143520826741699 0.32020478525669824178 0.59490278091283692053 0.72078079605652842915 0.58378941151697631175 0.16397396225760934967 0.47296622554168399289 0.53116105222691535582 0.004420701329336276862 0.61468878353399075551 0.21672994889381747377 0.27340135285883046653
0.33516676675725301087 0.7965476587207867441 0.24706638055152441283 0.0016296922150823803135 0.0013819400667595453875 0.1062029288069381845 0.73046779411434115803 0.54513904597465988517 0.47908609387305600051 0.085356115561771345949 0.79248885573139444773 0.41051003413779807904 0.81895548994411534495 0.44512633077948992618 0.51218147315059882633 0.26402833535512559995 0.48050359064383511826 0.27557450408334397562 0.57414326291880357991 0.67404477017134082994
0.78675022350307596358 0.99674650051097421309 0.089975555140282117332 0.038813683645714239375 0.29029003489804763123 0.92371615146401533025 0.22511888537710929504 0.12914864501285922173 0.29256906095896583316 0.55565814965629791068 0.18825911623910909434 0.98216599567610217295 0.1704851589081969838 0.74213992021803168073 0.80753084045038361682 0.56384152651391317667 0.1556288439268916369 0.5728518854828400594 0.056582463122456867234 0.97275448273963650581
0.73389426716357264549 0.74345252470494899968 0.12656062734398949675 0.54182640571605777513 0.07584866178966458123 0.85090224247248484151 0.34138074579848429305 0.23442592382102009233 0.72609868608435200514 0.18336326131267308381 0.75477018396189876815 0.48943452065640197728 0.2336127947972379712 0.63762205997481096104 0.23837165927840839286 0.81275414365314772359 0.16892944603390292445 0.99218890440382427132 0.029653078012867991697 0.1209876006923357683
0.63053170332954741622 0.10867637646658648612 0.83470076178675426846 0.28718752508891391185 0.2375090985791560438 0.099539173647640434334 0.25871130471886652946 0.15689977355269187087 0.7262911515797143276 0.13184351666279902775 0.51110576714345925278 0.02174419891759797732 0.030656730375993503839 0.73108002748506275724 0.97053834258664026919 0.57666407978585914663 0.99748068045473480274 0.35980869673005992534 0.3494608706780784726 0.89670672873610411077
0.82565330235517830047 0.57911697477085676011 0.35186404826227964831 0.38581945785326262705 0.98255653333989735496 0.12387253475053294538 0.35781272422384573136 0.12464614595092715095 0.50204036470334355589 0.39857117660050079817 0.21150551416299270591 0.13349993487952674875 0.53379008209180893912 0.7112731308798795573 0.43105692315800600404 0.73709185068732028812 0.052164911355416830629 0.8785176671145602867 0.31936400045527022011 0.89368502796590495432
0.59670733195501606786 0.02257162592449962681 0.50381060453854779944 0.99446002827600210236 0.70709272897516142173 0.78880155157584129488 0.94016030398040400227 0.26430258410812394862 0.97327754499571313032 0.25403520171977526606 0.20713007213422224891 0.61869552278664148001 0.22745886887577148933 0.43454310859625518989 0.12564570426624607226 0.79134104793349112675 0.51806652557861733986 0.84661920673099798254 0.97618148711007242819 0.32475717220005681892
0.73371461870238280687 0.86398374059946179764 0.030148307349840158418 0.39876903679237581536 0.17602661881048012202 0.83992675940653400832 0.76285843879494453894 0.45931968246072267992 0.027733026659300056042 0.30982583440863211593 0.35429639618685787567 0.36059479193405864176 0.58369005775275321457 0.10886528879540513482 0.30092243883685340736 0.73083673102913793211 0.38638075855993128741 0.55100880116597192619 0.053857480538734528778 0.035584421476453322194
0.7372753508482070924 0.14838230609484721732 0.62224090895379521589 0.82315523968517921805 0.56525712158648493827 0.79527459607269584366 0.57761157224230291827 0.086248599873242699028 0.73153427829547928399 0.21315116166088207206 0.79950213082394235356 0.85807709367523544997 0.76232113412533148827 0.66027310455772604124 0.90400127972991210491 0.74768346149390265749 0.72492238528399582123 0.48860492409467681443 0.25422282752596011093 0.28009657443486107116
0.48438834809638286647 0.39756202328451754023 0.4321165362429772152 0.93481896595805674563 0.98530816573099000883 0.47746724942096783182 0.55737868102992180425 0.14039824996892699054 0.80080976594126988268 0.69534605364115337353 0.073655954455618846569 0.50607226371224885977 0.15836897067732833678 0.55373481493339180752 0.67075239034182461737 0.51605568367796632323 0.96250802226676914717 0.084473001329605240108 0.49103256579704940244 0.35847304626780163996
0.64547369488183370959 0.79028872541496841716 0.78565921492176806 0.27833741946681464144 0.28444079730267616868 0.61415621366205595089 0.0026621532479278798341 0.44257047289220352533 0.33432239508980989847 0.45829705852928436232 0.56966940066346120111 0.55565314298490580997 0.68145444611581097282 0.74307401460977013481 0.38426979918411366616 0.86457673386335040532 0.28666402622418364404 0.96454019262209046882 0.78094362536151897534 0.88737648053100619738
0.2789591007950719063 0.9046333530280291791 0.36189689996359652042 0.38994612923604326371 0.97767738861593859518 0.1569885394065073932 0.71265038746398735354 0.14719088424362771666 0.28733458650383745273 0.060698302469587138636 0.73531356574119667726 0.86323786736359540663 0.35776894967489655835 0.69662672341427597263 0.83672829539782752565 0.27164627905107637846 0.43559594061789175202 0.68476429758838661262 0.86344056511601399636 0.43958341130726270006
0.6354088848932405529 0.097731398693223136859 0.30714361050602199249 0.66860805665405592441 0.41838436435561409001 0.15027750142502558348 0.81623646458116982428 0.62397987900468900822 0.8726207159361176178 0.18934944537884772979 0.99714887299879674049 0.068117369890740430349 0.71552292041437464033 0.36024898947095319217 0.69336776251361852109 0.34141422850563264626 0.37521046487377683056 0.16693697879579420384 0.14513695972614489206 0.67337403106040476252
0.17998407871166935385 0.87766730826600757379 0.11054483277458763171 0.62871872773964945465 0.29548313793563554992 0.63000431422429761531 0.57902054948167215706 0.087731705269328798789 0.23292500015917792859 0.89372732605376805785 0.38248022621542706326 0.34345738255318206805 0.69534058283315838584 0.66034475481094451562 0.21335893272270858276 0.96867653316327917949 0.84223377511054893496 0.38994704728870729752 0.77806154748883294065 0.5751256502945145868
0.76613406053648415412 0.16611022796955296759 0.95451438944329288026 0.55627365882305340153 0.57683441965239102319 0.33385686375768508163 0.43703872963985546563 0.41190432706252587126 0.63596749104188640439 0.36148405881077957697 0.97683142453295665188 0.46403611255695850627 0.81221765702613611952 0.026025485092605362184 0.17289691060054068386 0.90857883462119636768 0.34067101142909729305 0.66287377462800523432 0.72041282615458606151 0.34735942598565172016
0.035327396645776457324 0.75999195447992383233 0.94255860539504726387 0.43009302448418457046 0.59701320797971987588 0.75336350666476684709 0.6740731772853544246 0.29938996515410369587 0.78167088899043581009 0.58088479286206722913 0.064052531809208089703 0.48583317821227226023 0.88962753294928294045 0.68939933118837178392 0.86741385197947220453 0.24646636821071247922 0.12521832609086560375 0.089504624138948500188 0.73007861600767968681 0.060727127240084910985
0.90515351474880238552 0.24697174487480248159 0.064417081721646698783 0.87155909097261753877 0.48081706197138726454 0.14143755382625190759 0.20796312738467376421 0.66656973670525958053 0.18527694651687145116 0.48978123403364104118 0.59259451427923461004 0.89094522032726418691 0.12259098944044805274 0.32189391867844558282 0.30212272585523967429 0.90278994435515931891 0.062520561839141173101 0.023201660464093313565 0.91491230496614623741 0.47680811060435326242
0.71039123533651292642 0.054194928950929504153 0.58036267647578089588 0.21842453284482439357 0.22055636615428653245 0.85553608648664519656 0.64594405755263212032 0.86204794877832101817 0.054875925663410520352 0.33732502868029319164 0.23023405959948952098 0.31694157795185861417 0.12714837812240467428 0.09864748147590415671 0.55460922188256356834 0.36344584129272396135 0.69449543070757268872 0.95522740774356977437 0.75995456074820702481 0.5371583206133137179
0.30460274206108205647 0.94265573384137949902 0.71625961979515900835 0.92431031140857573526 0.1927914536463700528 0.48311794050239760241 0.35750070794282715373 0.62830003713150663156 0.20467628988138524118 0.49576605073271285025 0.045841450850063687414 0.99768640148702119773 0.64594382531810404095 0.0017357096150708163206 0.68510547434049418611 0.61488576806685431259 0.20978119971796028141 0.027056823712754873433 0.19452032672233709841 0.75336652301239933564
0.58730977736580493439 0.44888303391310923468 0.51035758612559455115 0.21306098146385794607 0.77749601600040240583 0.80396763456407123623 0.076711364912282805977 0.86668494449238664439 0.1965241331742347333 0.29426868318537922187 0.63398859993819025769 0.38235649829520511903 0.23409305435768117413 0.40380407665830067202 0.12696733662385510639 0.40811114808306492264 0.084166542240042698019 0.737812002196116443 0.12985353455035161807 0.40893101950234178355
0.87334558941093946025 0.95260728508771286109 0.59407681372546677749 0.69079945147450881365 0.14443647902862465456 0.87545726042037381678 0.12972790129913212913 0.7287882723691517202 0.12501606705162431423 0.26010108500607809868 0.95006265342630031386 0.51483869091570632384 0.56917761250389731562 0.27327183826149176719 0.58249977417365381453 0.46763950878021500585 0.35513391260547549482 0.62256124920209256006 0.62598660385199618721 0.23449187088586830827
0.85992535079014036266 0.060835977595421380994 0.89700299720406513919 0.78212444465912948476 0.96140985319837943523 0.22027139926660850659 0.80093020262303835988 0.3395081911891128098 0.60540213323738449819 0.38995119126681467426 0.18344842430125133731 0.11383777490559753866 0.97165419084930063987 0.48441715061123477565 0.27818149430382772992 0.20351317962877655247 0.32997933146785960113 0.12395907526096641531 0.90367686315981294123 0.0059142276822458878589
0.96909357992484847206 0.95925710910405806306 0.042789992236860955438 0.54537167295424091165 0.78274068276691329178 0.97545753572497332306 0.3044104325876998005 0.25936556647022117989 0.91409330119861800757 0.050591403581700829717 0.53976138227888524374 0.90658085362270205695 0.84492261610662640662 0.47743798936946207949 0.069858503188629123134 0.30033715324053370118 0.16616901359967804086 0.83362770397135776241 0.46378645841006242945 0.41919453562021664097
0.73855466622804404476 0.87078144657461115802 0.74178949868351188684 0.55291331681608684307 0.93902697028870926293 0.36978650730706035861 0.032696523505791711425 0.69524651751706897593 0.17298304498516490991 0.18659462335270868174 0.042941179614380327323 0.1929971684446426862 0.7806434358241306968 0.43578879098618319564 0.84350872263117941571 0.4421403991331385164 0.86025045255864634715 0.15021830042522873875 0.65989957812354227309 0.52038201463921501892
0.97676906025036891598 0.11710441430539792146 0.98397456685030092692 0.85812836287324140746 0.90125424585405911781 0.099495302439668579088 0.44666163790023689575 0.71567334905864549805 0.84908836936809790804 0.17889216814587583431 0.89749096764378006778 0.99797927194365065363 0.72348930337816027007 0.73600073322552368488 0.53508746736554302229 0.20169507228961726717 0.91218145985867833979 0.67865978668615055321 0.061831703648367453596 0.20624987621356962299
0.061056199377425059106 0.80068367621429507901 0.28969015186810859462 0.56041800106280951799 0.39140545013787611246 0.7447792931944641831 0.64525574706128810653 0.94601843594559052844 0.98081319553294956618 0.72719210730638714164 0.58409519027557937383 0.44538773706098033512 0.82912257027413694652 0.18573437515153152431 0.43998734806490372948 0.86213414036257277257 0.53156438586990350273 0.46444595340571675964 0.15283024874662588913 0.39431201087990152155
0.88673265611168888318 0.47765668377944707143 0.131208965091410656 0.082852522505902465976 0.097508634424475818761 0.40368260466899121149 0.66325878882831580284 0.92849797561925467577 0.080218985082907260785 0.53627653868029734644 0.74917993281236047742 0.75829654375588397279 0.039157462516757606842 0.26406239883831144022 0.79884116888059910337 0.027778730501693568592 0.74243128434005504124 0.56138245198804646809 0.93262831784738143279 0.96289468364615279856
0.68045769632198166617 0.6871897772905530203 0.89988089131634004398 0.56257348659473585463 0.66776736075713285807 0.25509836277970572615 0.61996111958770466576 0.20894270110941812684 0.82231169533998919218 0.10381238182307695383 0.081630342315327999113 0.48326080650074774319 0.74743391727170918875 0.72955102665584044806 0.0150265331905737366 0.82337207756372967162 0.90637428370517893178 0.22362799348585684869 0.77053249906760133968 0.49918022235264557473
