10
0.98087084686115005991 0.37269506168156276473 0.85959199937559230975 0.082585328949948464945 0.49575744001217249372 0.12194799059687156111 0.62373115634721058002 0.35395796758663998532 0.23097976476075138876 0.60630029659046016287 0.14498428898058937533 0.4480882137067501897 0.4870391057816029313 0.54921556193591148439 0.47398349050052814273 0.26579938274935973095 0.55103613346782288126 0.59050297114043307487 0.31240827007095254555 0.88160782834090322714
0.98576044799511895457 0.91687351974856497422 0.3250320918285896958 0.17340680865097023237 0.79900497475629425571 0.06489059838525707859 0.35714865069192172772 0.3314251602198681847 0.026287972176156274679 0.72802417636926682049 0.072063433707731275855 0.37061796190481929142 0.040166997870179888778 0.88213206439768321711 0.36929227527989822658 0.23291233955666278387 0.071502069018848003746 0.047912162800556511546 0.11257494933430311628 0.24882959459305707602
0.59732061461969646721 0.67308983538848353613 0.14043692671201446796 0.4757422332122300026 0.47061066079220991207 0.33510283849779804366 0.185698385500204063 0.74330446263786176123 0.34456929660005651447 0.0011337566390447331244 0.027113262594411037813 0.29587762792402187137 0.95368304747330029402 0.30914733940946018137 0.040212254110441820304 0.86197073398942890634 0.83554250188052164275 0.93462705783166228685 0.98112109474859803666 0.35530760791710619639
0.0082208836338687760539 0.24295374022168098776 0.60661395069534935001 0.49930314910099768248 0.057570053531019569726 0.5331246343942938799 0.163206898642990219 0.53386722496692834384 0.44091243753816145706 0.27631808493905115454 0.66405270309004215014 0.71388424952471781973 0.96648687586083884438 0.82407023923458478645 0.41096123833005279247 0.68996429444453658545 0.81345783038799951854 0.41643472472016495315 0.81832319392165379717 0.76824809533475874713
0.124820925233388768 0.22520646516200158943 0.98547312532299589992 0.90625799986966546894 0.12462220344834186122 0.40425060259997361409 0.0040163185966282269703 0.39281984930537106808 0.78604447177843972714 0.65720196984805699604 0.92900383535824847015 0.58181191664548088911 0.12166009504864568557 0.96117919662678914973 0.28229623566269722074 0.036634901415959074465 0.44182144102381501466 0.048562244991451208312 0.54362973003748014825 0.742770430498100461
0.83592045195186446887 0.89698599866967396524 0.62238729884193029653 0.88588404333049021932 0.14452826836990259764 0.90742367594551141585 0.63454988708306966054 0.29888121465799473192 0.079642367946745409001 0.31749020512353141844 0.22728573837793541275 0.36629014020025959749 0.91132569156359491164 0.6932869390403189519 0.99777225731741537684 0.12487233849193174901 0.53945421230288289336 0.37933297716122766789 0.59498368407456428717 0.33305219706913500715
0.86785907576088328682 0.6595219640504341751 0.91241041945716280602 0.18460071042097121307 0.76109217060340031267 0.51358496035053882858 0.46715502674949033668 0.40132473331130378235 0.60998419063088069438 0.72986470937836442509 0.71990867765255058133 0.24254885097977239475 0.75727929785179650952 0.67999390435081395842 0.2914282461744952865 0.22828042436235609837 0.96638212190301373287 0.39534248114318942406 0.7744417719697616025 0.33175972882684172984
0.94168378550289524723 0.92844469935051327685 0.98838082908722432811 0.68774110601790367956 0.26856428187856065632 0.91794628684967727794 0.053087050166577354443 0.14794412004611754444 0.95642827072225337161 0.80257945641230029292 0.22070449033933193947 0.53103411112584226838 0.51995796469798341485 0.88171129022962389381 0.74873410259917716936 0.15117757594433403905 0.53231110326996134747 0.65324823579835034532 0.70359162647319227571 0.7281151132998545637
0.12197862727012134506 0.10736431711209505028 0.68728098123782517174 0.80477577366842176253 0.84276383858022393746 0.92108261641852232928 0.35996553030623996966 0.96433782354623603174 0.63444048609834883509 0.57323524015713256776 0.12269184096194510173 0.027935745438229481836 0.72307498632613232726 0.0037719346866209817041 0.47997428358909003971 0.57512322561455976751 0.91736877872719759799 0.82980589174034946278 0.98489239082279222043 0.86779746537531956554
0.50209943588266220383 0.95202154338464893649 0.3095259785716035077 0.65534992376269160942 0.49937521015369966876 0.16277607428611472564 0.72679860168939243328 0.20118288295906965334 0.020363056564549547665 0.52192274428272101704 0.54632667973424766658 0.84026569448755453445 0.90078341549401024386 0.60096984018896660668 0.76453624252407260969 0.45441378425526549268 0.79158828815866200395 0.19865519936781586617 0.56983391669779731131 0.95202148614148363937
