100
0.26823607003844829647 0.57727263300899877505 0.078512080196815926011 0.37346111867495063256 0.52059637094995954838 0.044571121619765882878 0.082624572968236626369 0.50792688329854899105 0.57078592540700842455 0.93179926249881282193 0.52612111420496728172 0.68569855615857692815 0.43935951537724906218 0.33547016682506357809 0.96921577489667368969 0.069860359155302832247 0.40441496536307529368 0.15825845085053126483 0.90093104679732990552 0.26865299947436677163
0.61401364754570966303 0.2087836988182481681 0.92969854075205499519 0.91772469964833182951 0.67039504977752128329 0.51722319814939656196 0.23530551372841240732 0.2268152154357470375 0.68760698414738729829 0.057433776395551496311 0.82678741210907212962 0.048636979639828983467 0.17168446482205469944 0.014362738435288788144 0.81162755598223805282 0.38311460290322043963 0.56640325198213075427 0.22288544062751785554 0.8253366894677843594 0.12340278382477835444
0.98676955095107223714 0.36991865457190891889 0.24361910316242942331 0.68138883088093969107 0.49022190429654812697 0.76656012594945368199 0.20031096623642382731 0.45908872145693404871 0.50194244936146873218 0.11857418845650986714 0.51207043222357673403 0.61132615897386247236 0.30233804992851843454 0.59951380707885414297 0.50728344195546630068 0.15880425743452697976 0.9460529508077688804 0.99817418623150291733 0.74281537421334584788 0.064838364771186501271
0.92407539777481078079 0.065729998996356551772 0.19608798427100949328 0.12392607042173673249 0.70345771483366012722 0.66875803640255239603 0.85619330914786286193 0.96802951819617748686 0.88412668124673172759 0.39434905628366840208 0.44919330855774271185 0.8071275131224979116 0.36258502969981438297 0.94649207032531883899 0.19722062805680687245 0.68197736894219971183 0.10576306131568666004 0.63528308205151836285 0.69335079323584457344 0.97016836772224776785
0.61614096908033690113 0.017479282915953749382 0.73765052003166731084 0.29828632409893119683 0.53528930274847101746 0.66485622140901023914 0.58302640112827581911 0.29225771341332239516 0.092647519302354698308 0.2648840232420167715 0.32531705667365008446 0.15994722883419348907 0.43608128773227058738 0.91269707490443098563 0.64990203034990382485 0.93602889743104985865 0.51260519781286650041 0.23216333579242617619 0.21064895147417463811 0.59458752625516220002
0.5649635271378076149 0.51021233631785353258 0.54751160913335759553 0.037336866321499942304 0.25953646289606220501 0.56979832547340172389 0.56031424335117788611 0.54178081926650860091 0.030422573595284276417 0.85676194004474168041 0.74698188999563808394 0.18568727777862312542 0.26132610625270744504 0.2145957099952722729 0.65108870646119274732 0.056075607870352700633 0.05435239648915700958 0.14093533458326133935 0.61945428055101638658 0.22606395450448697613
0.33754279510329291867 0.47385482541887795794 0.66593465638976676019 0.077531327939980595456 0.59773247815865899535 0.040952738974332666445 0.48023833390280689824 0.4764484877831457497 0.56260872895454757471 0.025687483893655882526 0.45188275345552926109 0.32060951787512958561 0.58721948186123094937 0.20104737070717570432 0.9702608006222690339 0.88409029865385882469 0.71014577345914076258 0.51329595454273520163 0.61427661209392422112 0.12829321806930246317
0.4664767560272703753 0.89770678048375141401 0.41029028337051780929 0.1781911027861649717 0.98965176200816341293 0.7733964327430411117 0.6194103427204328393 0.96503741292550856908 0.61720265007409834607 0.084889632944280743302 0.19877047609079037243 0.5129853589470564186 0.61640027896565490828 0.88208061555518603848 0.35189576203893499062 0.81560334114763388989 0.94786558580508740735 0.22540707798234053413 0.35751751212781241373 0.10524594338318894661
0.079870801159568721847 0.25388337353932837072 0.148932867516818781 0.25175298104009814369 0.58766240605696231703 0.099754670055195889292 0.62316461194198406433 0.99798382845695411783 0.17001546862896194497 0.67644699565653459094 0.94687111512482957941 0.22580398634722617462 0.77102896047538004818 0.34182549678548716885 0.59261946031204462346 0.84767025497499461393 0.8052122438823621195 0.98734021918280533381 0.075279613813412058843 0.47309537588828402994
0.61743913885674677925 0.84600800781522404964 0.55848712442357658389 0.87451846207068296177 0.41163301109226906185 0.57619769632995589896 0.48875077451495699065 0.48622120465880883105 0.53309729187408047259 0.78243743650825200254 0.37347259060579609819 0.49872238206175281884 0.98787306848823781976 0.91686418992736744483 0.26689133147085755682 0.18668930317442782192 0.15747240734169898937 0.63186936757689773317 0.127115710249081291 0.44642029015251247828
0.56618612735321469082 0.16167360675821406763 0.28184184369140499472 0.17483737683269853037 0.61180843797740753332 0.42668281334798575059 0.13217138674330842477 0.67330014493497307351 0.50627458324582403216 0.59037391984202419959 0.54395638334380025668 0.037143628920889938184 0.029193809100513758647 0.090999004733238462225 0.87183097419311915037 0.9762426070150699663 0.081049244923935599737 0.68568180104215898713 0.29096762165939354705 0.68090684614372399706
0.16274403414484763409 0.22615375942393310866 0.52998194028023687077 0.38739306922860000957 0.41846884888783189425 0.2189901264586789252 0.15468865087248119349 0.15160550249551995152 0.39162522696505871469 0.90104754079364671816 0.25344631440548198991 0.17555128681079175076 0.7746553775842717213 0.34884229290176600058 0.87281072047432046236 0.99952578794191160067 0.30685856287217186747 0.29962416069366785743 0.91949332402278326454 0.6661781144872832027
0.24592570452002535483 0.4626851965010761809 0.052998931695223406235 0.61716111800801524425 0.91832442301979778378 0.70029688804928753745 0.24209649426868610919 0.55626903132542341549 0.07720218446137252431 0.61859142389726639265 0.73990489329441957636 0.82266351143642419921 0.71615157863036793588 0.67459802294655050862 0.08379599290336200106 0.62913023569953935391 0.65008020958969089497 0.93067007978666038806 0.82142715706238267879 0.054250825163350283032
0.43500563115525368765 0.96100600744328834271 0.06765170347031374741 0.65617694605453255244 0.021601103678920254567 0.21331287103096297874 0.24929823348310276173 0.93782181122439224412 0.72831513666616896555 0.062973629638773029251 0.30954357925706687209 0.57338520267482536005 0.56486426193957299605 0.56309423690982874126 0.9813178139478934644 0.34091451892231603013 0.88098912470320561746 0.61687421853866940101 0.82461288590484149594 0.54135010461691574965
0.94734151263158100783 0.80492946088898682496 0.83680364761689939669 0.3107776667502179811 0.45195295599744087541 0.36100271149265692752 0.27930117299694205636 0.27150328504052918458 0.63220854337696360165 0.19345566478540083351 0.79543518021688634648 0.50769544952068137035 0.16577301442581080296 0.0021532502394924121205 0.069895767987070763318 0.260662503572512693 0.10000285101293217429 0.32908403123334010749 0.13669550266363655742 0.92564038522474241321
0.74788526259788593861 0.29541770146113897726 0.83522181780989794358 0.40849518138362194764 0.080935802836598206666 0.089556214053453332452 0.33260724873608541634 0.57284451218760967746 0.19231916030579636887 0.21136637431103744324 0.032962747491948422135 0.55987369535012076929 0.41831899087043097337 0.86544711626240826701 0.32721426846112571462 0.86246242169151829572 0.26555047304861233696 0.18590491746775260616 0.047886873498536696402 0.040352179251461082977
0.060464913802052597204 0.54117743434264078798 0.20048784671773857777 0.21172008993976047754 0.88653772920871227808 0.98958769716923937704 0.70464851899605116848 0.30606859221523430753 0.84862893714875917839 0.93577772451394810585 0.32303697462063758912 0.29688014102989815606 0.59409436427760912346 0.37739914236917612288 0.93810257287977766121 0.59875486576526414095 0.049252761491492562569 0.05846917070216151041 0.57397137095950263283 0.11625807564466434524
0.43596764762435615275 0.44028673305589907785 0.19940932110608677646 0.30523610794534942141 0.23074874577524232699 0.36762929090513666772 0.65090136100526431375 0.82016240004312569175 0.64986893280557455011 0.4366873879470891218 0.69862282446268374197 0.34103792208207474632 0.89495949507564476102 0.65624143135809399647 0.60005405955371820159 0.95776940832776755224 0.67122479281450350534 0.14858560278276844517 0.69284919674072863296 0.3325447328639135613
0.36573913464438465547 0.2861261182458129127 0.9459707645653100731 0.73100192189655257424 0.47036262991777252651 0.39224815663751458106 0.94361653063682481111 0.83025658783426546937 0.12002208371706825731 0.55983937945393915514 0.67294557682396722345 0.65402786503168087876 0.32432079974587417639 0.73222821009962232983 0.68016139162320226886 0.10240985766108679351 0.5468207626746960354 0.33219807866923262726 0.59213066098342558811 0.6088924007355933456
0.37911595240607052918 0.012133235610000792093 0.046780775488050119334 0.79146707838636003906 0.48905390517008567132 0.29551951946668474411 0.53539403520663996958 0.49127221789421676116 0.18284302968297597592 0.77556395045398406041 0.62226292088133015363 0.19527144068657519731 0.10432067225543331906 0.35603481811810811891 0.13424020251892870788 0.89998223888024260882 0.21951995198088080106 0.29661335360736650242 0.021615637703367840958 0.9330318849479475675
0.85967846181465476204 0.082587328388906079213 0.34101849463927383648 0.36731378891176139648 0.044761491409129956515 0.75100308395575331459 0.72683667941711970129 0.6499949597300248828 0.50444109383037496038 0.13493527295054117299 0.35091139565024300124 0.62017165075653493748 0.843260426974405698 0.054898703656485741288 0.88709714146169863581 0.77626614564808363485 0.065288993003807281937 0.94363695159882513648 0.95646682859501308771 0.67034801089377653972
0.61318720729718771234 0.75447984821453411273 0.037019243224632098421 0.50405715373977463887 0.20433838166835697656 0.30015830635499231126 0.56274587351540035702 0.47833122878531181504 0.057776166437031116377 0.92318664272118409266 0.27378856955708660376 0.94173012103078852211 0.83629028044974992417 0.2560930175349089439 0.3230308333722169971 0.26989103602428460353 0.68415769468612936679 0.21057635715638559542 0.8312631471084035737 0.21066555579391421838
0.96519329235766893477 0.85976861927511290463 0.044226781133020219138 0.41355161289078594779 0.44628642087482383303 0.52244637247294487871 0.094290960789662493595 0.47655199972476479213 0.30689631559160550611 0.89453638340706462934 0.46600492733339942531 0.90970249403870540533 0.24683538403674407997 0.20277646723920571151 0.41285512536142148307 0.6613649343529890712 0.79522386432549156226 0.055892809390124299621 0.66533139944685823524 0.3265459806976229702
0.40666932547826800703 0.89870029677774541032 0.069399920082069085827 0.060905844249500571568 0.80360615724522105232 0.34348197954678733116 0.19133183472836376389 0.1925367053143827871 0.0093064852083484549453 0.47575248698187579653 0.60178937155183372511 0.52690276368955757895 0.50569935919710357601 0.20464694206560723528 0.29399253829158770768 0.22707644858396195726 0.086180460858009078084 0.59338998306492137853 0.68375470603056699313 0.36452187535958934596
0.77358854194601459986 0.044548030072890523875 0.44645139511624374609 0.24426154881119093072 0.47814166402933391988 0.55013857058356622505 0.49263269229912805817 0.16969255930301595231 0.6309715592370710068 0.11412990411918916094 0.16935718263544964553 0.5561717275760473245 0.63856890185712784149 0.82843292912190175017 0.31181893233796105117 0.54272578428529241919 0.34662894030209698596 0.39336685678731062 0.29857121526340415807 0.33991423851827885999
0.91829938317065473052 0.20154470427965974608 0.028022990874040863566 0.959548580644596028 0.11779711091190219342 0.84199185842749615515 0.67988022506465192372 0.15547718821874004257 0.32549406408956234511 0.8886636723638305427 0.92178834464076437271 0.67279252543309994678 0.68208482973102583412 0.092911361051342601322 0.16082078112970132558 0.55781250616839564232 0.032236869132035205713 0.93753740192359598117 0.21273957289197623191 0.36063369160762139362
0.47401919584042158607 0.30022037819939790241 0.29858328215473771265 0.17270533095711071398 0.66098864861935300506 0.79174108204790390495 0.11788068681732035499 0.58062066771881434732 0.50985361067206109927 0.64671491639078401676 0.62511539720318741578 0.47814747061624263532 0.6368596922405399807 0.62273032988368251913 0.38823606641242670954 0.87404948124417744824 0.37010337546135992711 0.79254535549992856234 0.52039135237002021061 0.12432860418825238087
0.66497724341457643675 0.13131608193226715928 0.34817339377689613425 0.54268118421070494893 0.010563499134010276358 0.20841154514761578171 0.68352542697818066274 0.52076115401017168395 0.55911101567435242659 0.51691284848184197243 0.14758170989339777757 0.81476692215868912222 0.60155334274427730521 0.21755897060987739133 0.70679596244656999507 0.30682933257629894957 0.8536242320293868966 0.023967640123064603446 0.27381389109370564151 0.47384127617509050676
0.81336268047423796086 0.079672721878760695399 0.75128448504541519198 0.96142146165555145929 0.10973892737981524555 0.14739148734527780229 0.035447803194274969164 0.060768103617583289755 0.12121207090201670047 0.11230216278953428769 0.30791733932819756507 0.38424352438126759381 0.371061294840262464 0.27854151199804444037 0.38687986179694966628 0.38994147159090156813 0.91435184498428036481 0.50751144760724942304 0.079789627389567182886 0.65967639105382030101
0.14028573373962260375 0.65978136350378396158 0.50432329828163697258 0.18759479589775570582 0.55288887517769627963 0.31429398110632101877 0.05033126200474539769 0.38055969004864124386 0.38248446441372246219 0.83416973155935020994 0.50868520546462319429 0.48220548198906315997 0.16850110340062085724 0.0052921606741818152638 0.039964377079412408708 0.41122154161399527655 0.37466659057521283763 0.079536248602942574378 0.40332214908022042229 0.82439494776170605875
0.48154742624997313451 0.72216950881300943417 0.50817910776276093798 0.73155024179782433006 0.75848482346577666329 0.93199406994710053473 0.37310004381033203946 0.31455112467858679562 0.89950982860654768799 0.26209858657637597585 0.008745935354927326824 0.96014026841850798479 0.099419414937858545985 0.67488011463875513058 0.4205416041234630736 0.42866186400753639288 0.49632760645044178208 0.1482774350268216544 0.65013903842548659409 0.98386669732944933273
0.30814332361501074064 0.59432600441247184316 0.23755435882152955605 0.7889491853140510349 0.52536647687608013113 0.16294910435772182742 0.79470737792723225525 0.037448264448518615789 0.23571334780228752053 0.052148593681981394781 0.8638267153634649326 0.44791247664943061908 0.65038596386099116985 0.12402301807279135775 0.65472334871075486937 0.17829150724456153607 0.45384738556742437434 0.18322230548142916186 0.53058020565289919403 0.014788940568449283344
0.47831615046032143466 0.50503245572129953163 0.91623222569141672537 0.31582974933516316714 0.015199815227481665541 0.19827750985499414748 0.74662777643996528615 0.87884533467796178182 0.84658378843697723972 0.91811167441378497173 0.82319648866492837672 0.79263522921768586062 0.27610821058729478683 0.82945324535225090253 0.78752979155503664708 0.17478302969181419113 0.98483092681201131604 0.407824086247462203 0.075266654342785771828 0.35858589895137838062
0.37222359094865485347 0.48399655038361384576 0.344749894872917618 0.72689084505915628232 0.57472286218398047747 0.27970788308186462958 0.46130230061030993505 0.26904704018869377404 0.59005018344913510005 0.32266390102673344709 0.4531096985377895969 0.44470282129916657187 0.80193915469819394333 0.9651870809889363378 0.35882085997623609888 0.089856999078341548372 0.79621837857265852359 0.6892084181162864276 0.60096471122883128471 0.93460921632514226199
0.73742392637595468755 0.099793815953233995281 0.80773136114630248388 0.51791852168891467018 0.60758430143129497019 0.84720386924358720779 0.5401848341900511409 0.15268421890757962074 0.94584422587752001806 0.31315076121002432001 0.49433439405965564722 0.57457223096607675449 0.43325288159758289919 0.54145786841352206505 0.45664134222562823749 0.67033872332140499511 0.8514522634866028446 0.60479035051276278546 0.23152498578534369647 0.57894651931163196713
0.13118045665651653897 0.17573294982564330373 0.14076746677461840219 0.049620549860208137049 0.75111497426380563952 0.88233472222452671369 0.19343307908564396231 0.82923150828499062021 0.18739685136711318455 0.19535708616687361621 0.41131128521314537592 0.3133866063590678421 0.050218135437482522222 0.42749816592303463593 0.56575448787095680415 0.046069389132744452398 0.87070868118470632604 0.34173747301509746797 0.75886144381756079818 0.092727133728576201048
0.86744239036219735357 0.84776213378850718628 0.18693981530547155767 0.6348316444416472458 0.67187634614108425593 0.48754200425954199039 0.13740047261801567596 0.11464623209192911817 0.66748979757075727905 0.80063043721612793058 0.41599712836616934813 0.33247029334928891069 0.037033128148728650662 0.073300564244519585588 0.48828129875976989695 0.39498138650127128085 0.17509443500588313554 0.012566537711530347411 0.62564507239738611241 0.47065977641801684344
0.37118546055253448122 0.083346566401725706162 0.34505668356299712705 0.7877243259429062609 0.99563672227461900386 0.82138103525339023264 0.047725256512436916711 0.65352748405763490979 0.066433558462718258813 0.54079384403465374852 0.70249781059591005745 0.30402305117730843605 0.75127165341906070018 0.74104550016640777672 0.87430373087704125714 0.79041397518487820713 0.040058432473598821935 0.025210325607753711677 0.19990509837659704807 0.84358493238399616799
0.95541068236350180958 0.15917190324416897139 0.94581401629932427909 0.36143550432906301279 0.059954882215161822202 0.65550964954496656104 0.45981278057517414344 0.054689547706837899493 0.16809371102703594253 0.95779315053271279589 0.54279752156494032558 0.54747033493881672444 0.58328428105242369515 0.69904561951903855608 0.23789851537955374842 0.92694036710923093119 0.5486167360394109912 0.1529364138978963256 0.21234041019727393552 0.3959847737027057313
0.87096953067213761193 0.052274821096389412906 0.46975739070220580353 0.8894466655115646888 0.23679863153847211134 0.12196174102859213997 0.53860696979362108225 0.55087667107471278597 0.4406167725725139229 0.83447045963200484886 0.082748152634050745231 0.96080778312930728303 0.37333375195342330676 0.10712128440980614848 0.024081920658438403396 0.51204119260842035461 0.55792779555390636156 0.88867945053743276513 0.71804604621107161275 0.71508768252168705622
0.79559376144366241937 0.4110827679339199343 0.14175970920795532529 0.68339789880719705795 0.99246972611700159299 0.63234630876606570812 0.79113432084214081746 0.23795218784489480219 0.81164584436752192857 0.9113995058840848126 0.022821170516804836445 0.10758236926713582725 0.38521185521904988017 0.10703982917451316853 0.15604405463126039445 0.80819580012871352888 0.40875588410691419863 0.48063619913854188816 0.3043429435450566102 0.97016701718769353689
0.012226188053077464328 0.23400869530135533946 0.26378959078759933564 0.36482299869333723855 0.23810414292871480402 0.3184469548751398754 0.079989423115686896133 0.27333824075879519557 0.3277462217213161803 0.97438279308551207695 0.42555352093521677106 0.67027466354375351507 0.92997102916928732849 0.059266730956159980237 0.68590588004193562416 0.50937074222536315749 0.87678844543860470784 0.51545787317880002384 0.73554716905082365895 0.98962855236038692422
0.72107349995866596256 0.72034537114881004512 0.4074047321479332138 0.57179028021690007851 0.1596603565130840804 0.16745491197233758498 0.60421188056349512362 0.82201381418879034435 0.9430927388999840462 0.47430710105362055889 0.4573532423467291892 0.97452722245764305067 0.0534066751523338521 0.30499462852257841868 0.87925987006331189714 0.37892699044149603618 0.72454538617728561747 0.42010032676466031623 0.011533498285831631414 0.77575591447045086395
0.50455283511379226324 0.32131134010164020886 0.83567157762973118208 0.87888791027507941818 0.14258321136039782005 0.54412591743713765763 0.63151283345759650999 0.75325889280402720543 0.73652093582444016324 0.61997886345086300345 0.79014844570837708144 0.99929791188848588878 0.48125568655432034534 0.95171661226784179865 0.39154426224444417601 0.060671196245967352596 0.80994422349625935608 0.091072907580560927114 0.91688662142411154403 0.055781277779948320759
0.55171731316716527202 0.31460189697511955337 0.98079497538087406598 0.68409147172155198549 0.63771859451259181909 0.095627977505910339196 0.31303478180424525434 0.43120849873225402409 0.089363882606115846159 0.70418144679794419152 0.1845968543682209257 0.80469469097751279246 0.87733258214049652759 0.16616000915918781132 0.25408326873641053165 0.83607793952475340389 0.76851829838303422688 0.62552086144022631895 0.73883748892499003587 0.77700578564378019965
0.49081744668951381269 0.14024140067397714167 0.25799391783591227252 0.44177222309451278254 0.60426886179924811589 0.6092522764666509728 0.79315614488757064395 0.14115052837937280784 0.38998019298799315471 0.32615395268388308023 0.3758338793303577598 0.6014812381782388708 0.70856588522037369896 0.070774284145977982491 0.86232239712615378483 0.51507964430475621366 0.73660044048189674286 0.65728992216185948429 0.25961908586231354705 0.27148238753639310949
0.0031190060360348451519 0.53526871889023996915 0.015129467621044958745 0.32407957004026935238 0.46900845035149669982 0.16015891283301119627 0.85488690723882069486 0.21665575826830564565 0.56050310728696934183 0.30350732243127783003 0.39269789559931989406 0.52142543230288656989 0.98558803169104559108 0.92373941750504561074 0.42275771955807868934 0.5397823871833235445 0.74797745388140771122 0.2166386623175508069 0.31911609221062334018 0.94544205991512782585
0.49712429569521134526 0.55539855325445907773 0.040192505577170285855 0.086194712266245099579 0.68085648273307346375 0.66573531631720584025 0.34500442945075492014 0.84720155324684921961 0.0059269201407262013265 0.056246071760645677056 0.72729800992404586871 0.60891616575684494555 0.38206250640468653805 0.46795008746369618331 0.019084389820847297628 0.19478236772008654273 0.58190674049651872177 0.65064156423214181661 0.71607656184561541357 0.22262773924117844077
0.73237356446187096157 0.37873833827365422245 0.010686668548545193939 0.22383275242026093755 0.35532962188056972316 0.66504747219469185436 0.48627514945278885921 0.27798178718066021426 0.84224251827275422954 0.44137566843167898756 0.36818631106072697374 0.87993157119134538273 0.29005999666157605046 0.22285588933451930152 0.81798630506586881433 0.45258344575786106542 0.8697812431486244119 0.79361938781958686644 0.47315558389016083564 0.036417723049401076914
0.94463817809391147193 0.38082164362871078356 0.038967214175675011503 0.63466599434380393375 0.89382149650896754964 0.62110610141872458074 0.057581050797903517234 0.97459286040441945502 0.21142505171334533329 0.40781932099800418279 0.10999270577662260766 0.59003782346419461418 0.73909876899336376444 0.96539934114074052419 0.97752009042624626558 0.13425208565049487764 0.79534800728158831036 0.19618428987087571788 0.20635280690931594259 0.87407429769206700646
0.54153134697121717376 0.73163487384722879805 0.56866669426845227789 0.62067060479101850005 0.91446881972382071938 0.26461195211789009709 0.38648447109762874255 0.71426707839193663449 0.58144415845454924265 0.2325512774181255667 0.078727539116042198554 0.95151611430026330926 0.019251493681636842024 0.85894566582533363744 0.069442491138158242133 0.40153472854259078355 0.62073616991390868469 0.74030135952559431489 0.97103341458020475115 0.79446733957152602148
0.17745468880030302678 0.44873448130802561553 0.33450115473431007507 0.44006776695652764623 0.90097013744865426843 0.31521673594752335016 0.081588754585779050198 0.3517861415018798606 0.049569657765756328235 0.42879076998660652494 0.58044649222437659015 0.70677064246002326237 0.95845770610544697471 0.15269754314342381507 0.7187061995781677724 0.34127973121714847717 0.41011019972796411377 0.40301369361352062015 0.83873313550867202869 0.84933057088009179195
0.22011564629640070388 0.849527977775902651 0.64571517313485309682 0.96021479324683717645 0.9365380211134188438 0.61433190216559086107 0.4167979629214319632 0.44624560525062582288 0.92156782194568080007 0.44149666655544696729 0.43488971613034714829 0.92026963644134028846 0.61199555437609295488 0.98877507824199443917 0.89949880711923133254 0.19001377319133596141 0.14276534460581802788 0.14907197143818839231 0.24070501731377553389 0.27858140445086579867
0.10338307601750458038 0.28460392988810592405 0.4985686238597953335 0.69551610842222655838 0.080842702521502661592 0.36524533803340655569 0.48215256210366623166 0.27467021506856646474 0.47320767010274610118 0.050386771617714506239 0.82937292156929565807 0.86504803468520412042 0.13453351860009081221 0.4847234622309245731 0.73010149463238765386 0.65620386207665056308 0.92763695531461679049 0.042463527516407443435 0.0051375005100109171559 0.52582342407610547418
0.56592864934214203836 0.37942966372487874337 0.47942704617401697128 0.79605520275702415403 0.12667051308439812503 0.08521442693240337214 0.92936791616466322838 0.93488826923266362594 0.59233630822339302036 0.39289739200948120307 0.2614735987990206243 0.23758993150463220047 0.97011066965677493159 0.10636160596748045482 0.45699947909108664746 0.29840436863948081739 0.26050851905046917763 0.59727078979241964116 0.10713920141117172844 0.69638076021733303446
0.19445826751929666569 0.0085384921365693293698 0.53014816768635850662 0.58662762922262859546 0.41182075842791973489 0.94774223674624206125 0.834474603286251685 0.93979743667766654021 0.70761006706710866593 0.31728460674656125515 0.50299684309113639727 0.27291815860238445151 0.52364524347893959657 0.92731268712462213257 0.46727976259040503924 0.86533969610175451813 0.46789663800952936105 0.011202198412685800263 0.72416922879029204426 0.34380760489197641005
0.7022433222366887129 0.67524150358006331945 0.77938529817239881719 0.55937179923615978574 0.38359902923425797993 0.19813746543211468868 0.077485896847482322507 0.065347469824135400753 0.37394554152341411127 0.55872196675874289057 0.38789957454334268836 0.1496204423066435115 0.62464779978675838998 0.6524447288967282555 0.98112212459367619265 0.18587076340177829394 0.94282474175695294458 0.80322238877609539653 0.012240634431652681012 0.84998600283752172172
0.80060496190566300212 3.5126128139324524959e-05 0.60708642258582929931 0.67401257155943936821 0.1937648676672870697 0.76016915732714200664 0.33028051660019135322 0.7833429685487347129 0.13607416884775315187 0.98307357016827422858 0.27574617184953140983 0.67067256382884874366 0.22166422263815889558 0.22378957449682535349 0.9493187430307550986 0.7218245865454539623 0.040782359878695338619 0.02878308699387197451 0.041200639585079651341 0.39542936831958722891
0.13488010557878391113 0.85288488794152773702 0.1010877494742878151 0.52661568324301968121 0.40489729216288304896 0.70007392050079299105 0.43491107585922272535 0.74269080451437326511 0.77170260420632013482 0.70823093156385383615 0.88523519852674404837 0.89583198797216127108 0.73446984872626152387 0.96330118750525855023 0.61042583475761950083 0.11123851960976823325 0.25055383150438072698 0.49282805967998494982 0.84961594054428180896 0.31347711174986899444
0.1421278048419218964 0.45126371195629521763 0.013891259037475464557 0.61482933208655915513 0.11981374749365510785 0.21816216731642687889 0.54841432739658683287 0.86021366937471917876 0.15593195075311572229 0.20305375557262996607 0.31287881955946926109 0.51862173060915249507 0.86340236974604999559 0.73120961661222920214 0.74906242930319557081 0.84583379233796149858 0.99659840780619877147 0.70481105665879298968 0.33045591244274441164 0.81998475849718458326
0.94524233977570833621 0.29589655372674567322 0.11767435028476750969 0.65756373996973034216 0.99216451581727810012 0.82122930280774681538 0.23015027320392333307 0.15981613821815906693 0.81281455150051931934 0.0511006479059800641 0.58756472463931865848 0.19145905971494866989 0.32115510017564472179 0.23464492404781485299 0.32545085212585201902 0.81494808327065956045 0.19527749876945300867 0.46939448141581985557 0.26170972968563987717 0.92122755374195252243
0.51661180276843238224 0.86775324146350161575 0.43175107096389996801 0.6918526838610534791 0.38451287597166707163 0.71328935134252550104 0.35831900493226271178 0.68035622888753037168 0.67479518894020102727 0.93132632609584270754 0.38067123465871450643 0.16409050763965753091 0.99911531172330818925 0.79847122331550768781 0.8955127117883388948 0.25369368482580114608 0.6130812347117944375 0.78241960458952149128 0.28247070508180126421 0.19579642425614529014
0.14654181611236961322 0.21809519249443023114 0.87579612114819446386 0.61351074206334293629 0.048574884694435627413 0.2920195732936031823 0.64830453115508083708 0.67936842725524325333 0.43267232611622779323 0.89808296054343663431 0.86268955402716106647 0.50034111260358320173 0.86396497304549839174 0.59084724889600861943 0.020022789883784317361 0.37979365169420024743 0.26357039013771127824 0.91152344263374879686 0.6468521126148660039 0.22694915898133392982
0.84563789164829889704 0.48497563602249909817 0.28176154157392699752 0.21083891815148259931 0.9615232862068709161 0.20167315069301527253 0.32903335141427796475 0.98082788933069932759 0.702594014422272751 0.57105588743199859068 0.59287531307707622776 0.056208583072510768066 0.076701685454874211022 0.55712726199704685955 0.55909076706608640993 0.11481380774823023356 0.49607048181745894372 0.44206729566684031308 0.25468884362880936405 0.95703991392701378605
0.26437990459052914684 0.25153748983857652605 0.86220976960298344768 0.51625667212593791201 0.89733012607102976616 0.2793981393620046958 0.021628138283840801055 0.69201510289212679643 0.85872352913288136364 0.093383875175298893488 0.81146271109434050286 0.051806781229659087256 0.5827834140558659824 0.93678342601082612164 0.6693516604084138688 0.024815633607731164682 0.4808706805567147812 0.061746572452545432771 0.43752414102922898743 0.181338940489176515
0.28193173901650055391 0.37328958791685594399 0.043768921871996822371 0.99534461996557653106 0.86320604695136609577 0.70582211315187018489 0.087847497113387467413 0.81253137299517991997 0.31232482211976294407 0.79680894521505567555 0.34418376217615483461 0.92891569290297580695 0.80295368025991064632 0.36452523429435327131 0.99976382568486997558 0.53341922789630120483 0.30880776999575827659 0.96524437695820970761 0.79076805831464466083 0.44552225484534646767
0.016798133103263347015 0.42412114564569181844 0.10120811842593105498 0.081297123294770214585 0.41442689238760662887 0.52544890843139451745 0.95947633653055382994 0.67381528600059522937 0.65932141265904573745 0.40200233336214661185 0.83351583788297412263 0.43396898415781828888 0.1161337758900184254 0.089313056478743980428 0.91952604757920354881 0.42021613415619391078 0.20820171657820776026 0.42026692560407469983 0.074160833119142091489 0.74098101944746593109
0.75666449681985822098 0.94704417505670195987 0.46482382394170307789 0.5669611589724615598 0.75030741338603526027 0.42673118097722556027 0.56518479900580081965 0.85454841325693003717 0.67210122176000765802 0.61686908562347027128 0.3568811221852144119 0.74396693501836474088 0.7132117507092802249 0.48974224260451417991 0.52330550868705046666 0.72989838624738807339 0.10419020114740087116 0.35272829872803036923 0.1100419360876343648 0.016322900648007903355
0.49830435106633303756 0.27019033694019610681 0.46867193292590628509 0.15689564359191799557 0.3626407524512741119 0.14965186888873368632 0.055517083912479922299 0.21570589655694987174 0.12483692245168199206 0.57120756215190939421 0.27706653872546147899 0.62724490229072432082 0.0774812759544166533 0.36000814490847627054 0.040246260349098538119 0.91513291890319866295 0.67870988925247251471 0.72966261918390161315 0.91045560969617139144 0.79733302108251749725
0.85277105972313914026 0.92209965159721992204 0.11594425341916012593 0.42054026471290358356 0.93111278292879714937 0.067090147170604659402 0.33347891688171188228 0.69545623581942927674 0.74435042875507916938 0.38485251780858486376 0.65458712597889972927 0.483575608111147079 0.13155889959397125411 0.72702945074798025184 0.80081086005765227923 0.99949782103967907876 0.91992439214997434615 0.84409636248920194855 0.22942177768945151435 0.81665311403752573823
0.13444049718870069657 0.14612219033493828983 0.74427819338664514295 0.77461432031581406264 0.94919490013902229779 0.87380083733657793767 0.54348774257644938738 0.75077679995571770002 0.39720435676485168981 0.073897038463223569868 0.72091200835642285519 0.21784227156877936229 0.62359094218334210768 0.044630740297846942873 0.17495849946203552243 0.89037972032668052686 0.59542744586945875386 0.45347351893421253575 0.90700829930101410517 0.78126070219163670696
0.18576625552391433805 0.38287455921039311037 0.54097362499486054545 0.66461227422437155768 0.53055320640491923959 0.066984096386915303097 0.39918359885721529213 0.097478163216975570753 0.32792573758626941845 0.08154440322775101819 0.49710350327027493222 0.53844032197901129912 0.8450100177122283678 0.77578680805472448128 0.95880017559494102014 0.6063669199458226822 0.38203989149212173643 0.98253351221922386848 0.70471847945187125956 0.76826977744854936211
0.68978738688284595604 0.27425252828857781939 0.67836453781453810139 0.41366884376909161494 0.45274354797357580307 0.054245330618489892246 0.85346353208752829514 0.57069223134646121433 0.50518372179247157287 0.033789882263475668183 0.5121582440618396177 0.92361538439945755887 0.5820332760581952652 0.3741924514781647613 0.9459691277085864964 0.95982395519754873018 0.98877314379274375679 0.87807041832305809286 0.97087446311130557532 0.99206729996641403706
0.62323904244200282863 0.88170445170352928897 0.64846394349585772084 0.47431211683466183041 0.030944742735851062229 0.5057191932771781143 0.84269254173474120542 0.97862628963409536433 0.87999925232665843704 0.73243866016908347569 0.34870392013933184018 0.74306780712734255614 0.20362517710291524656 0.9340057674400386715 0.81514708497756462096 0.76313745000283043397 0.52302251907586753309 0.80728491413978245843 0.98280737084316467889 0.7822022632806572397
0.2374281993370376951 0.47735628347336959753 0.099186476517128566079 0.25376944820884744227 0.24359341409898856374 0.48200281459550692526 0.78337564017898529971 0.72857101872994770345 0.91901057585705104707 0.078250290683526392565 0.0012431642687256959368 0.98066415785902317706 0.4831829654158676292 0.087372395021980219507 0.49517447065963861237 0.37435456967665603901 0.58907826018074053 0.3332604524303236182 0.527214745589748821 0.53356541707774298122
0.70558656068291036412 0.51242990078560915018 0.95000671570764636312 0.64863655497585104537 0.47118336577989875912 0.89806315005530890923 0.66018519471783258638 0.32107275418997425847 0.13642944724783769407 0.53885359874167107648 0.24336222185477044517 0.98253819927467290498 0.034391470234588596914 0.37974984647240725226 0.82324867224209642312 0.7673370423801507711 0.23347245345438458159 0.071324049814803353682 0.37534615798930497452 0.34480851072003875022
0.078447520389183524243 0.17101438032295828687 0.1429017678659048447 0.5175244336951576179 0.96958929626239863039 0.64802977124473360262 0.39817110633773560778 0.36866726506435328043 0.1700301895009017755 0.67752246203037139774 0.56272774411719215414 0.019998258841562253842 0.35013616978914809135 0.61031921764614402112 0.059342222985185256589 0.59785510498948480116 0.41883657335462854332 0.32721955696819111144 0.3983920137252949746 0.7754353208019683971
0.65976276535711582139 0.11459162633498293915 0.0058281843595036414082 0.54897515643873801667 0.34485139640315067011 0.038269758880048983035 0.44787730504470239589 0.96705162239652327303 0.68724194609345449017 0.41035804658195373603 0.24963926667484623897 0.026376796799221716302 0.88146503818634962463 0.46528074483799180237 0.34406821396889211679 0.52059734442027308095 0.75471344137972169828 0.31867372855011524428 0.4030662803210113696 0.33195000177736854418
0.86913246246674181642 0.017072084654704663324 0.093868969013205492979 0.80292327284157651935 0.68150035786247195911 0.83326896584202751804 0.13535689804842963076 0.68803785341706021576 0.51178054264612807018 0.96670174019212284114 0.065634867116870620985 0.77281549873387691017 0.232220149785441761 0.58836560112281797205 0.4884485383499611457 0.53151572692967279993 0.6992916023642325058 0.044383308285813506764 0.45792625360944058037 0.13466051342649473538
0.9829151599641241923 0.6218741239551743546 0.67442114416024507363 0.70271658091894190413 0.39355898134811123233 0.79362186630274616974 0.98793478492605740191 0.28510481636673843081 0.31524388087279053762 0.32186580753081507644 0.067740845565435794701 0.79372236557024842488 0.11429797416061514688 0.9876208358432690108 0.77554688256896790082 0.13923794584032337079 0.65704922680027821506 0.63891223062622209391 0.72941202954617768815 0.3547270404826059214
0.040192528463965963023 0.29286149843801594203 0.7827344070225958967 0.19955716524948546295 0.41598783145790173103 0.064575800244933755177 0.7776341697200026444 0.050572608836642468535 0.92488606324049476106 0.095778749152351454687 0.10085123147786707973 0.43510263803042476791 0.61833723201060821379 0.55341674998097147877 0.74989792334476730032 0.3055143350502433506 0.8377810813686691692 0.99752363632248719071 0.16831637759881457473 0.073355938553022751163
0.36396284424188765915 0.11606474512349294789 0.76289886765600696734 0.87676290819750240824 0.32467672851844342941 0.060363368835115691427 0.74270953362959447869 0.95696199415784320334 0.36664456400194764301 0.94049035078097923882 0.8508000333482422704 0.59323944124051640746 0.099354121090937189955 0.42446813411639641419 0.34567588966575474172 0.36079090207821684042 0.95237581902444180197 0.70244379037018035499 0.65738353357487954066 0.49952538554377802374
0.63446995243787671591 0.1072373880430596116 0.81837424654182770126 0.47545159498613035306 0.90665667992622008713 0.82290273903173070908 0.34741744438491343328 0.88744172378292295684 0.54584707116075523972 0.34941908377948908862 0.35465012435332785305 0.62936673898821216195 0.17894120400523320203 0.26703586690927625307 0.30866081418090246475 0.78699285547975829754 0.50435833547737255139 0.85767464029010554572 0.82288289313022606038 0.3857237004653295252
0.30951565889478013658 0.47374494105733408456 0.94451358833032717242 0.53073003145690012114 0.092721295330336163441 0.097872940031569856444 0.062794231008801657369 0.71312467241865516341 0.22580062039357573972 0.64015701618966224824 0.80320748070953209755 0.78277334800655357696 0.67407726886184321708 0.1918070872461681582 0.029002699858958972529 0.29256754699714145111 0.19697767588716329521 0.23658765292889811642 0.74808323169191699736 0.53291258577278393803
0.82690126468080413149 0.95681639033413901394 0.96658731532440752822 0.4879123283183012383 0.64220231456773044763 0.24407974144565342683 0.51993598841117768058 0.20010971122242748952 0.1274021883984219605 0.87544459755806355747 0.45302882523917658588 0.6579323354077319248 0.67539015113965185171 0.35463925225834903756 0.6017111452281342593 0.27955827272294192347 0.98578206039805209103 0.6600520123355583281 0.63950823634716836061 0.48584985448165968821
0.2879159960623715806 0.51131069972240071755 0.76066510518755113882 0.11157356140470703711 0.48574196462660370862 0.51989703970116065058 0.44403579903984174721 0.18438859213708766178 0.073314160150538419528 0.4416280865351807111 0.26517485788111095556 0.16002555341782637741 0.91487908997034985933 0.83642171123896842482 0.4284734326271968563 0.73430391634166843436 0.68391746803567974108 0.063488881369388845135 0.39041074124978338808 0.52500379864370348807
0.66119399666855604308 0.3696953240320895776 0.57367757813080635031 0.34871925868973779606 0.32705297358086761011 0.76548269596028337678 0.3336958300576499107 0.2698079947153662119 0.14497246909315914589 0.81686219761931693509 0.046605857870040912137 0.09496038416760856451 0.11033096986204639735 0.73802866063326826094 0.30784960837510262703 0.25112411959250085803 0.48095948382423512219 0.12141511807718957921 0.69280972527329360005 0.36466167762392521568
0.081486859744219151773 0.075146700186503902251 0.2614973909457099476 0.39612610169753944818 0.32945156088063906006 0.60127201972261725766 0.30036875681877521607 0.44205963198882728484 0.70265779513260175391 0.55735408054471327518 0.32985905364734090131 0.49255438610936970532 0.20527641152085590804 0.040599838004025883052 0.70083450114168620423 0.92640456591280903966 0.052376012244012300331 0.9180042183588544727 0.48615747712369430022 0.37483150965396706312
0.64620764436057695701 0.10690340824443972861 0.38064670845046822464 0.70267074765774492168 0.98518031416955144776 0.65023795045468994091 0.55338535602822032432 0.049742507138236669332 0.21198469198131486817 0.83619078603034146076 0.16505505672465453789 0.040001482592509341547 0.86464021263303290834 0.027505010379990850401 0.38731832730136678798 0.44250160280554196588 0.81701707940786203604 0.38726003613718731341 0.14110405199451490682 0.41740323585579603934
0.60324245189597021621 0.72487103088364907867 0.23878949976318362568 0.66194339799029440149 0.92191758782931431087 0.38870518383395277052 0.01210612442984119845 0.60222560639886616075 0.034920253817097706881 0.39818756665344267297 0.81656821160088165554 0.5585786985989457945 0.73127209251741150662 0.54447780344485739056 0.8520645375939744614 0.21131441197588213645 0.83018729552435653471 0.89373770976387167481 0.29121942697533412215 0.90896481738302095063
0.3429334488463650529 0.35471651823511075104 0.62153477581844584945 0.054884775209310658335 0.47337696821865030443 0.98153742698448194856 0.3153853273261998251 0.74913138517258349893 0.41183896210612284489 0.23347577626713366717 0.43450775367025723224 0.40886309285998099193 0.39957420498207301161 0.7737267748581388728 0.17359413466998534393 0.10114129664942022013 0.77337352180157347233 0.43396008955799092379 0.49023045669931555277 0.57771794555214564916
0.53069151561555900578 0.50118415987671732407 0.19445779334026420449 0.13507915417988692475 0.24396898022781275244 0.93438408253743979062 0.33757325930450697229 0.398163421094936228 0.01869024530466276802 0.39128482068806618029 0.66195517303283970173 0.52461102712672890992 0.59460166069913740413 0.53008235671118646701 0.89984487670648750175 0.19858081595134690494 0.75901763821716861677 0.68110263941018047676 0.081991408322080580465 0.91830422674508726909
0.02166934946195991289 0.29338274912704239171 0.20830993205968295498 0.52634284253020637012 0.16210615918029011421 0.95880827116564250703 0.37162321492984469419 0.25800322916796904823 0.28021837090558013523 0.69192030617197754509 0.05114129775141075155 0.088520114345312070879 0.53181545640757135518 0.001162345584898793853 0.86905356043110766525 0.9657028447667864486 0.29175559134464465656 0.2740277958264676767 0.25191720995189538051 0.5188605101732963105
0.70486401116621814217 0.51660332015154252053 0.026343518360219465163 0.28370995598297268106 0.13383794203023606739 0.37914136750682019819 0.076906407342247470578 0.42268646166617268806 0.38695656268852639411 0.22037263238616664618 0.84178615491423988091 0.036253587029677750912 0.31329061806573777307 0.07717304461920151818 0.34041634492896660839 0.29194459834163946171 0.60343566918384893125 0.78012390306299791922 0.49296269890692283035 0.91815881697767663737
0.77702633797042776445 0.97639891610537711005 0.25824589067603981264 0.80828273665732287845 0.23059788977688175306 0.16933013174865731382 0.83161345123935601878 0.41082205842715406575 0.88400679105723491336 0.50546333845042768287 0.70077641611229665204 0.81245663416235833313 0.76750896821343056692 0.93420415925428568362 0.94896674134770460889 0.2413467896840203409 0.12195692424599633574 0.42172286883181428111 0.17648676842823121847 0.94570651446134958948
0.75121216798023926633 0.42363680628432587896 0.61206794259712530101 0.30017420218534026928 0.84459063409187631758 0.38750362937928566667 0.10272730895275016189 0.15416254525039675428 0.81914996058241926273 0.20972785020268343054 0.20023563533649023875 0.85381429440829957205 0.93914023813126494452 0.5347256986433125979 0.80718025682033869394 0.77879455717178935773 0.3962148517441241403 0.0054131492469054398532 0.41860801647710493172 0.71389960208222511527
0.70782468871771546902 0.1550241760054215422 0.70558262820092527631 0.38972689336949243899 0.024992269979440189008 0.23546190374535837307 0.68108978731004297057 0.69455204755385652936 0.46889672289355493876 0.9345854769352771319 0.70219651397784698245 0.16254787681722384095 0.71272308818753028059 0.69065810339064750306 0.03533657033024188395 0.91487156413806312085 0.88145943423686790909 0.19722872488817504779 0.90153550435329553851 0.58751397404337524439
0.60541487729424440709 0.10134911126924204964 0.82996666564587425927 0.37865354761768090359 0.19955063428520567598 0.65877797634504363096 0.33227007165657517168 0.13483099818337761564 0.23342751307407543122 0.28744816363711912262 0.7313021206800853531 0.36181112115854302541 0.20134233773304021628 0.46507014792075233216 0.24255440472031677062 0.89093771112089980516 0.57418049158195801356 0.62858021248334413944 0.31615528538640323008 0.1755299367601256662
0.10690953657876549332 0.51491609614005818331 0.54105366765593692312 0.54609520847024859406 0.92439850629529737012 0.26372087599158729578 0.36811442980145877814 0.39333151007909116517 0.31246679381431087882 0.55273714408084086792 0.11269255386407783022 0.43454020253671760008 0.29360202574211567754 0.80813204150032531652 0.0071598700273767281995 0.96414123945937140749 0.30948264912687384456 0.52955381364462722249 0.37832911942612075805 0.66392300540591526911
0.81865604487638241336 0.50693517608566032132 0.64106735582393580805 0.039844447714443905579 0.55284191487598511575 0.32750683366737409931 0.56763511765317827787 0.65453859713107342608 0.33346173670154603374 0.028771023256603301765 0.41869546436369033029 0.90053963473888100691 0.96030918084639651236 0.72186738983222105816 0.27418395392341069828 0.43433076807976795226 0.81619789727324298223 0.36294867567068997823 0.23541807117102662311 0.99484082521943898483
