10
0.48903124058392131817 0.77389590831527726322 0.44577081863823540212 0.47694395885452000846 0.83388678590943559883 0.92640387468462180077 0.41687856457098839254 0.074085319963193891572 0.91252657740057233987 0.28251996600800947961 0.1110296080071713757 0.74935379923759552951 0.10806765583109699731 0.38660402582877309856 0.8138568563062166957 0.61952012379116776745 0.74903788385500894058 0.97270039692155743546 0.25578316674939327499 0.80063446352018868916
0.66408309155581576888 0.20286720713081682669 0.68871883443164435049 0.33994433874508643529 0.66493959879284374458 0.80456553234117981262 0.32943044454236930784 0.17377880249074182441 0.99619891594053820998 0.30715482034212395558 0.32033832522982502684 0.80495225648640169518 0.23260960851407529463 0.35686413983770864499 0.28141637227315369289 0.24962666926672330401 0.44932061886874878593 0.2831526890104949557 0.77114117108981714249 0.6057019793745188267
0.44819975474450513914 0.68960304174315528665 0.23824670165474692211 0.16493828239289103597 0.6700490258294544232 0.46447343025431468504 0.64213787249769061698 0.11062371441580117805 0.93498906210357882825 0.067808603303189802591 0.87893648736650796809 0.62258728186535944429 0.33383922461824506913 0.46598838868664166943 0.77620763130300965589 0.22275856087228727609 0.12580467468565680847 0.96858631301636346572 0.93762690447125537864 0.49365402254715395414
0.42375484214666151719 0.53873598679519647136 0.30337840318845424136 0.95167622504626479943 0.092984072892526179507 0.76479575076699160807 0.25739090996553633489 0.95729497948443473715 0.58956068052463357415 0.88150055118212893398 0.28666289276955310065 0.76213726999478115188 0.31903966746536867251 0.7323140983966005384 0.69517166978539577483 0.49296194087727095417 0.75864035089974607179 0.32957072084586641852 0.39098769935906657147 0.42899344125975419801
0.47763791166587661521 0.67767659530785402948 0.44699657665455200088 0.61512784642868327501 0.59201538636101819826 0.69085985230198092456 0.14690560311683367414 0.49207572310100367036 0.65303425944722478554 0.72354644740310243849 0.66147473818091517437 0.9190368877780407606 0.96378711521705638757 0.96471217801683284301 0.22654506025329749288 0.94265885474789087362 0.41353895544249833806 0.9235657927909337949 0.60624584687419785003 0.18478152386692437689
0.46579902581301879937 0.21781329703209419276 0.21011636398526119235 0.53938133271090168026 0.51988404224065358272 0.53333365775304487384 0.52882399352453886597 0.30989816764215695905 0.86001857769842158548 0.29593689330375056882 0.8479705490770161204 0.15905486851985478278 0.84636234865935388888 0.34513460616652748405 0.19302557779073478033 0.69736309290533950135 0.55479112557381109248 0.96407286042311069699 0.60134796809267058537 0.70284666828517691273
0.45039645246667803084 0.6855905405436744662 0.22358146498197703608 0.70116958694919795912 0.76486089756486291515 0.4140268187945868172 0.20803705911207015213 0.82753742039994034827 0.021189997152614503738 0.19136028332721587473 0.14167547776542511946 0.99209740098284570232 0.1760717764168928071 0.55305057637978403956 0.27781204791948822439 0.10537497161837488255 0.98764391720866671751 0.77149535342094928712 0.38937515984186995226 0.53499712393306144217
0.043889715954968007601 0.33117480380566043135 0.12840125915093404625 0.43703266380142401145 0.39723951139881368184 0.39282674943807606443 0.64210453433175843698 0.51019854404489759983 0.39913264569643493732 0.52184048095770769039 0.091412951100647862922 0.98106475370338631659 0.44715204189465926929 0.97988308214463211692 0.94004346773703673779 0.18531879795469607687 0.80478162950743496387 0.87321923222995818465 0.96268780681280346676 0.39183697900124122096
0.68687055786892739533 0.8026877754973726408 0.10160068051222174756 0.42954874260645059579 0.3061860273748784443 0.28689541548207265462 0.1198893079679960759 0.21992549991669482794 0.62634870622262592629 0.98772515958735707917 0.29869145997902058691 0.92951553894042633099 0.98021109966460754417 0.64636645898955938437 0.22867620159162693982 0.057056414855278921917 0.15756861252101433859 0.6805072331423378267 0.16844192653905095872 0.87310383090628665469
0.063414212498516226314 0.88560696518307153047 0.19403532552795078311 0.10524390602685232014 0.35567592749646227582 0.6737738782741063213 0.43598908093332455201 0.92249839240070911363 0.7358417829309290375 0.28252354842358882119 0.039488653107392759694 0.070555375537614784757 0.17452742056191616394 0.033613661680014714054 0.40418522228173904391 0.51971651823213377156 0.37725088165366010465 0.88034384470875868601 0.41739178078252768577 0.43880467241809500029
