10
0.99906227744922707193 0.013469747604263191797 0.02257108330733800344 0.94204555901422875144 0.12569412422619717249 0.5898057096476038487 0.003749552136581936479 0.65290211570463404925 0.31604896239993353411 0.64320353521401791338 0.49527205999097343429 0.42421788470174037251 0.38746021169221753737 0.38137869743869820733 0.75780409887051995493 0.42941577904475998034 0.60778114305484546697 0.26000792591195468227 0.17338295068511257348 0.73860395486576753665
0.51987488258710850728 0.26713808474112336492 0.10759511458947067588 0.6990477580007890666 0.38960830329347559279 0.097851515330916618619 0.42445992795344314165 0.63069772804678534529 0.76934692952189673233 0.40829913305383112339 0.08857605683113673969 0.72455976642334497031 0.0013881139089261978255 0.53793276045830892802 0.37089450832387783706 0.30846891915066159914 0.17277335285821250404 0.0064618246580100818246 0.23222340755734889427 0.71488135454705880787
0.39854001116917179892 0.74059665245562959876 0.54044906158772438296 0.47738201453564491826 0.13827907459953391587 0.82801973091906362688 0.87499356433042842592 0.14589886005249184096 0.29321301179489657479 0.54001066042357604401 0.61488592746628043954 0.38626846345593233344 0.76632276025529075199 0.9353362183409237931 0.11410933523186113939 0.47998312244375109637 0.48653182992613434394 0.44430792561317747808 0.15267450314629451083 0.083223187868420032617
0.35677399022114450846 0.16790780424893728384 0.38091180343799852236 0.8943752207215288657 0.45079480729957677583 0.83490182607083601252 0.49584485958259958218 0.21536998542825300007 0.74100061396789458336 0.4094337472478610204 0.74747339918492734627 0.19489713184820144049 0.37090522802982552796 0.85166449877478222238 0.74317688782697253591 0.66677997215654296708 0.19128520134398645404 0.87505366755023177011 0.14176677885631753162 0.32966137484324995133
0.81623813126125413649 0.84340737726806618425 0.26666730305520701871 0.65354230445690202501 0.87355345697168524418 0.049688182178011727655 0.80107400220793486401 0.84297042306163412137 0.61650478658921751364 0.87116143903449623514 0.41475970839416305728 0.91524055079688721804 0.53536420451777746109 0.47641491493464387721 0.14319284035516011957 0.32209889810081870876 0.83774796754371579533 0.43049434845699005749 0.32473677840902463786 0.15534780612419801755
0.21441595537403648297 0.34084386350948405814 0.99914657674087850348 0.95304156761993463303 0.94845948514051344125 0.85533810669231845672 0.40567604514194645783 0.047143161469676841523 0.17957023312461508686 0.57220658153098936369 0.0002358454711431157212 0.98154495245075797262 0.37924868419652387342 0.35353613505651060967 0.94239007116830671347 0.17126508981534935939 0.078983715529570221842 0.60446933239514156799 0.48413755780663017715 0.52764828544535492415
0.70331676670794519211 0.34316899241204972166 0.10854145130011027322 0.065928625994637241579 0.94242692877280152293 0.9240961120771174998 0.688145825827640044 0.23325685785868726047 0.056439406008181931113 0.87044881653087145655 0.99356595291826846784 0.49548222938562414859 0.4239379076467229997 0.78560683401876142809 0.31480188551413736315 0.63025149928900027328 0.60991389340750053302 0.11543888499446420582 0.59947550022399924495 0.10585053399760141414
0.45370953717537351149 0.20943336223156045677 0.36056273956012622431 0.17340785016657154312 0.44927635968756788373 0.86399586287507424266 0.64899206057351945827 0.435031792026210521 0.80948326143184868539 0.4939766651279961792 0.95542319024470970793 0.58655893088600588039 0.71684442354766276492 0.74324836774655157225 0.84369752348231202144 0.97553662438464543974 0.41237552711934676979 0.75485444825655442243 0.9540948691069206737 0.87825032724801680247
0.17636992150254221729 0.25671075541712635299 0.72670707318598635327 0.69863338044477522963 0.81363642457283494129 0.15423172810954001465 0.63621772403874155802 0.021350476929502248296 0.078997977252845101017 0.77082600657034501941 0.51439528138312233486 0.42424068349528494526 0.43268708702127283734 0.41539092925960404269 0.47899813938939267438 0.49655643844614216146 0.66416599717987786025 0.039527252446518579406 0.28304434214792744377 0.1654075347178122312
0.65122636527614385189 0.21568849876439730065 0.13093332469575978439 0.34144079349003914265 0.47531753682003518988 0.75642238069854120762 0.64713966712871493761 0.85458402317001409088 0.3108406657415823791 0.041545958742181617453 0.024167706015765632785 0.82436696894093748481 0.31405611235622288985 0.23165024696902857194 0.22825957521987070377 0.75062102034944889648 0.93814551381391645052 0.68399560515050831773 0.066403851168908020828 0.66062273613732699722
