10
0.4320905854422897291 0.60327277366915014664 0.32293182835313352999 0.37441801242900274335 0.14569883250976609312 0.59932761453506555317 0.95339563541845485158 0.30132760114651559148 0.13805623060840699871 0.16248815370641463341 0.39726452487562404723 0.0098381217776390274092 0.63790641200003388481 0.43972951256322354431 0.58359658746678561968 0.46670891704650905994 0.73878220717039771499 0.82124944612255859378 0.37403802015932246052 0.29669868216255849546
0.5323718544592724175 0.1036431427262074097 0.024641140139627161411 0.40843358136078903052 0.60558863507970332843 0.63999785133011432322 0.75794244982702669634 0.020918668350416558092 0.48680868538479462677 0.10792614947431776511 0.69220713294179989528 0.404911861679673602 0.70390369550105939914 0.8463065005682915306 0.13569184219526347142 0.69334695891146670921 0.084646876261757255104 0.34256977503391500544 0.7128149209154944966 0.095586819356813058652
0.12538546710704519239 0.049448959484605633521 0.96699836995288201004 0.51687811536221966004 0.53550579641574321422 0.80147185678287737943 0.17733689134736677534 0.54567400130534964367 0.7130693177526049188 0.033526429841072868639 0.061868325541132698547 0.35222595495320065091 0.35135362660800586044 0.11056865200541090785 0.74139988910297050786 0.49590639938752247088 0.30769735416366534182 0.5651229662406401311 0.57349130766210220154 0.090585478646656004823
0.97518882013363286263 0.58144509565202489497 0.31013247561352170632 0.851204933252510305 0.54580977070827128356 0.72480837382078723173 0.28096458027652073341 0.27470737065393629545 0.760966429962916166 0.08176787748931092938 0.63737677729835268505 0.70320568052207053472 0.98919807420673601747 0.29831389173466057232 0.59565408906677704362 0.011965707975174566275 0.80540389188471734114 0.81969646681729735387 0.27547920620859355238 0.37198300703098418322
0.56670772507390520628 0.23120716399845605903 0.73950841028440806381 0.58611836338516424617 0.47098239650891030684 0.3776524391706264395 0.22721356918488659561 0.94399997143380839551 0.42632258700347213883 0.058641834878394276962 0.81647525648507403431 0.44774345524528222611 0.55091419581033919812 0.010618368779722061159 0.53572228137121814654 0.44469555833208034224 0.94301447168125998534 0.5222577171891625225 0.15552847144453721184 0.27141375380530979953
0.49179296282059714059 0.68351178511796055725 0.9657127284065492203 0.066557257691310496898 0.28688175536613124523 0.14399585521690667775 0.5660580669565591326 0.20515880359806139597 0.28128691984777015839 0.38378151221983752606 0.80924310445515504407 0.73174323203845252758 0.52348844081041263367 0.83307516528483830406 0.75852693013918852833 0.7365403376558678722 0.14545145726820034424 0.6244783355105200523 0.12934838211520322248 0.96809339260460913431
0.09844730094405841587 0.14469329165237591244 0.46395014819065843114 0.94766407190930775686 0.96104672885178552173 0.95046985038909161711 0.21611246285710430015 0.38792189340941822566 0.46665788367720526187 0.62439782484824412614 0.67644295298943559077 0.89023406906146544676 0.66902715565064544524 0.97890132379915467784 0.73692360663540371546 0.3586795475526231059 0.099858016719880191394 0.72179082993002291989 0.34014827805470487679 0.18719429853396896254
0.98561749898016369855 0.090984988065184792987 0.42438511553601155978 0.31692378734776085135 0.96980718716000529727 0.62316698819133523849 0.5949591045977222556 0.45855498669379055738 0.9032401315783057688 0.39383907287480151297 0.071258425072421164735 0.15538372131865610187 0.38656653744874856354 0.90320832452779305818 0.4089302841783758202 0.12476458170814559907 0.25827650678966556757 0.10773623402716175294 0.59042186716002588865 0.28913723509170070517
0.27984688125115151139 0.86542497489281888649 0.94317611257523960538 0.54557804890041373995 0.27073088156009606311 0.00033026279079639440841 0.25475433030062694209 0.88358686923353552752 0.042354990604364383918 0.70987097500211034378 0.82002160097859588323 0.12279099793968053887 0.80774159664371696039 0.10358852518904775638 0.20454342552739256301 0.032901049162832906529 0.0069704370876705134901 0.24263840672100152714 0.10281626684216192479 0.5545627960139290639
0.064233483613559088754 0.9869243258030117996 0.75599388509907028687 0.36985783897045598816 0.2018126951193830442 0.49155708073871095539 0.91740162768019938049 0.55586561040735259594 0.33472981736188795284 0.42540868992145236516 0.93917992051585710774 0.93095792751401286783 0.66051095897905788275 0.15094069488270721991 0.018784405018853946837 0.29874765333526328843 0.84584803704657079407 0.62529565618870016068 0.75063717542858213546 0.44814961492593063122
