100
0.19920580677867227339 0.754883941317086189 0.024586777429337135486 0.070887600322851654637 0.041601787277863589061 0.60515732716175621111 0.31607347296410104423 0.36821976483023772148 0.14854584432209358278 0.98104860793323497761 0.69602044777860828375 0.81387035237238473262 0.35963604206865843035 0.59983125674566779796 0.13464694171898560198 0.50956269198644935461 0.52854563490906805332 0.65146718425928888652 0.13452688719255926177 0.87347935446463654424
0.094444030754689034784 0.32889877711000291223 0.91439087029746199544 0.29516338514807345596 0.46332530098312959697 0.48518826244263518917 0.92852634677270668774 0.85445910258818765632 0.87149336467385744441 0.48622911559285236115 0.48690579962252123939 0.1686555951682308328 0.21469421647159087649 0.0087151911639493210866 0.62919889877489540886 0.84678975801633821701 0.27144360518115230574 0.76023778581390416027 0.1913953983453237087 0.56927680651825448758
0.036997014782324498907 0.53517423619732064675 0.10678890429551069114 0.15773761426823179908 0.23762042669598843403 0.892557800063693173 0.37428772545649733727 0.94670665168072794113 0.042464239080001447665 0.82826845561292283338 0.93207366084417519201 0.45571074767797719311 0.92079528796020883476 0.83025614060485796272 0.99692868870440068776 0.91085994026583848369 0.092276137686918910364 0.64932485061397077989 0.60850313147541617729 0.17832632261786108586
0.089878502831903509657 0.0084199182398222321999 0.30373257625512878192 0.18163885144064120244 0.89737478417314521441 0.17193397150314406797 0.49711743523924872059 0.15851076182414215303 0.24449072557282977645 0.2306626080182400928 0.73685401660627722966 0.035493140397983386706 0.19996243592855508629 0.60856930183040199147 0.76059209147206704017 0.25670991781466400149 0.78942690071796462896 0.37996807239419518862 0.25826693299806006336 0.42141404915778006064
0.73446655775167061277 0.80507416132279466454 0.31169404724598453408 0.006785302311186189447 0.67149450598956767947 0.48277863059377793963 0.56001958516746460617 0.21807966340228082935 0.60157369893464459709 0.53356675774400467874 0.15286370585455589225 0.699546170634310446 0.59018053483944661505 0.5895328175259950032 0.96140447430132969242 0.79809387272214589627 0.49020373360358963157 0.2965455832406801032 0.0079464618269194506523 0.76241172823842332141
0.48800323927052755192 0.28633040960175419853 0.41834661605641713326 0.62505492879664670356 0.87336100509966936356 0.17735567417473470359 0.01002621239202708647 0.84224004932325984799 0.68442981503249547347 0.070075419196018182708 0.22205252277461087025 0.20413496929975503128 0.56139798844877656265 0.32827890591512634273 0.35468547273845765604 0.10373267811815493021 0.80027508350871812468 0.81536656326579915073 0.2739131313927864285 0.33149551565282653619
0.86642439655300720159 0.64714456953913242161 0.005398012801175362536 0.73508124944414433486 0.005329375637413972318 0.16471504134826276159 0.21326568448567175245 0.96045180267040027933 0.5897221260121450182 0.91909938786683813966 0.66098701398756293571 0.091879486852076167936 0.4531638879167163088 0.36346548755016654016 0.4872428201729683691 0.33538263203904092888 0.031567192468715256218 0.53653073447434757216 0.088711945098174407735 0.98366587242049352379
0.69024503626721248322 0.70079326080960164136 0.027734225994075311207 0.89557242308954085081 0.77075185173290998425 0.74845073291942691034 0.58306500052657609019 0.23429520395011734017 0.95613590543770670001 0.29886278603435829308 0.30232340431403755953 0.43454179069751943857 0.2950221103307652539 0.50953752554031387376 0.43314737749658075556 0.1172720079041622101 0.47248141277346351506 0.8417402901899745238 0.14946573195976030151 0.54106464178484966321
0.7310918322208728511 0.88053274054472587109 0.4829553391184429456 0.24245193309475730244 0.66489979545793343986 0.8503527006195530017 0.73238303403403320338 0.19526536039211532774 0.42516649012968962227 0.10878783560754649873 0.12365508027429825458 0.87387433184269762415 0.99032179330902777654 0.59403967246986588084 0.46521396797496049081 0.016868676243949682811 0.010262675594845097407 0.14187006863755077406 0.33387706584491254965 0.58399810823242262052
0.37547210014477512747 0.62104117174298490941 0.8518786764267732413 0.18131030449843238943 0.098279229478091101172 0.42110939405269151093 0.21410871252899841638 0.74659268706881705473 0.88762101482951223761 0.39125391537848973707 0.13853823212754065396 0.082524325157706981254 0.64808827145603215518 0.5895250149342979491 0.28466532686212669051 0.32689516453949719812 0.666148521141721252 0.058390606168045173163 0.11737996480461046901 0.99052264540658105835
0.91737376643756765045 0.097534982809089119916 0.16489787681205781257 0.64745632248333645319 0.24156696138904542291 0.99320995887295737383 0.61177766041721601026 0.806423486434164061 0.68154950539451077666 0.24167813964697423064 0.84024199846446359256 0.40170776562515836963 0.9494633891530958891 0.64240927313669759613 0.9498965336111981696 0.034727029718677531302 0.63872749019389808082 0.90332017187869809009 0.040790343866794685301 0.59991976473901600692
0.19839391664307201785 0.78543834789135215737 0.13200266076169608589 0.030995729161744251586 0.40274547823524059595 0.91720589380775349172 0.43406740867766464365 0.80205960175827626605 0.15170449173833534389 0.91330635986439749548 0.68650922958444285789 0.66858305594399747003 0.95735926516917618768 0.26854404899489346984 0.26254012760990889502 0.90854906912731268149 0.83411243426556694737 0.95934131059431084306 0.93723014755502455987 0.54901438021792614103
0.98397331452358207483 0.5000342526009185883 0.18799139830527827633 0.28466845631163901435 0.79602639036674226701 0.68611623383465897074 0.50860620893089526545 0.70127495168579753439 0.45859928893386373006 0.41055001625068022342 0.86635593115790386761 0.73237609719468634321 0.55431853913668161274 0.90444507307582408415 0.31190269289217958785 0.9930548464058560274 0.92544543050219539809 0.044417796896148310835 0.74982021594224312243 0.50124321777850553821
0.41660762905445758344 0.99358858154548332467 0.83399293845440713996 0.58938298574367751944 0.46522871448438299379 0.9792527953542624894 0.062732839750051813232 0.75814356583386135682 0.49725036490737951108 0.078058207630605101453 0.77940565273415139122 0.88393255672423723786 0.91951387702391718137 0.082514972805106853921 0.6481997411775559295 0.7203559696581334972 0.12410333964506894847 0.71577833275519360859 0.74520670266180542255 0.036185227576268514554
0.82410514156096689162 0.8113102040703256073 0.53590040060235632363 0.46138149341762086996 0.59820931240806633837 0.39473014758779608038 0.14901598401447032445 0.77126961776756350645 0.85442790257590602368 0.2689160344845984405 0.40159234795170962285 0.40751449898711746353 0.45359032240221773525 0.3817605375737859891 0.93105830192543906647 0.46399312284231288293 0.073231228792374042944 0.35386995203689169118 0.85860800257997113788 0.8693351515626211743
0.58236021558685522177 0.11725748254341748067 0.56093349751644277753 0.22967835277817068973 0.71320364402746382781 0.88862535366861009973 0.95478953928225296512 0.13445211203232975067 0.41280949790142750096 0.64389291544412422034 0.56562433292135794682 0.35510331117913423879 0.49020021288353680727 0.44553353424181396197 0.65853551235951532502 0.5114278007802679941 0.64797259317816625744 0.14369241020138825049 0.30327035938884908762 0.84988265517460918544
0.40139441292224293183 0.81081764518293009662 0.51972742463480045073 0.98163598966896832814 0.68335637190096781059 0.90835253411662280438 0.78176136354450844184 0.44068876810099464475 0.008534098439471177655 0.91262902447623353976 0.81685399515771559562 0.26877996449608301571 0.35727843977047115282 0.1985775427021966943 0.34876455733280093644 0.80606593299392856642 0.9458948987609003503 0.12510954944050120866 0.46582537626628895073 0.57256577421583496485
0.1028547776961491425 0.37264942735706598696 0.69170812323142958538 0.037349666767250962586 0.09214004862055784719 0.13513873625461765489 0.4113921919868041499 0.29380735386295225115 0.26128572430583767768 0.57129207538438008077 0.30386206380496123922 0.25312629039124318042 0.53205380714376481979 0.9859704392670172026 0.7295876083837676691 0.22552338641614428592 0.6458852349800331837 0.68946110918718416617 0.011443760213341837555 0.29392270492738869505
0.5097070877849559352 0.32116854702051314085 0.61511770798510701484 0.12388297645487141263 0.072040412960602666598 0.18121439872916946277 0.93475685628392401479 0.45301819946116897838 0.26056007710064862731 0.62579311704877261548 0.27760780929028538739 0.52025418839406856333 0.89620579959866093994 0.60685707364194500947 0.92440754261119084011 0.67972187903247912135 0.49351939162664178038 0.96009077308946272626 0.52738280639955735637 0.78925848681159372792
0.66047822302031356341 0.56456754141777586826 0.091590662416316802579 0.88189697483808719719 0.0040313764042794270276 0.67158704199755146606 0.96612647522754077617 0.91727865353761479917 0.33777581119035103135 0.81724483755844499187 0.88886530493918090764 0.12450702897118366566 0.16346362132829863597 0.8425573750603052919 0.29284347392578337615 0.58620980247893591126 0.76802723396409219961 0.77452111259160360732 0.7237139342851450143 0.18371128630785033383
0.49636910716287671889 0.56073499879303057448 0.81048428573384664929 0.70499259490860524495 0.045826348746382755607 0.58704755161727846269 0.23130495861253077373 0.41132830264649902346 0.38505534838363375809 0.34435779786031904195 0.48368865713861692202 0.54656748835407644073 0.10360243265169279418 0.27979123852109023438 0.48321552857142538489 0.46249515102091726777 0.54239134923235473093 0.072777469601444079938 0.66340535485558562167 0.44874000179654203752
0.28231688812324130805 0.51097057011939157336 0.24252988133030066182 0.48252375405443622135 0.91291374314415270807 0.40424629960500728425 0.62480475381152310869 0.67879006198251827032 0.1753047514598573604 0.31885888569079411602 0.72885937645035867841 0.62168403881347234456 0.62574244404865093927 0.56566600145973991865 0.55921765512856784957 0.70774198241019796235 0.64318612411319436547 0.86856886717120359491 0.84578897688963074344 0.63343673880661470829
0.99703431153209567793 0.15017863162863135534 0.14888532524546173487 0.92399351869940619947 0.47787416202750890515 0.55795400894603235364 0.48718602992883651697 0.26559331837768363334 0.63661805440829370451 0.99966439036883310564 0.57626864406222762818 0.096911295841681799345 0.02951369335750536957 0.13735011889248590451 0.012123819151942942637 0.8621453105747362735 0.1994856229400901028 0.48638726461287071191 0.23635478650301664888 0.86492797266552840413
0.17156531432923239364 0.21185284202809812689 0.043879941279570575129 0.47173416369824473933 0.45460823673500866507 0.51660419303822224807 0.47638727420947470868 0.29488253627832728527 0.24772777641639728374 0.20506295865614804788 0.8415758253710608727 0.73439081680992076369 0.4214994109180131564 0.77208408953993629706 0.91746948565963563367 0.48464814448090027898 0.19447550001129079359 0.01178851313957304548 0.09112661160675119209 0.41043880356573593976
0.66011157273379443517 0.35046640453243179834 0.84828232011141967909 0.25926929357759377599 0.72907578840805316208 0.9187916550673794323 0.24985712518428649954 0.76070927676733575629 0.8079935832979362426 0.14182864710136334016 0.91694069095677514076 0.71351801812667169447 0.96655913617269172177 0.58739992450396368094 0.10211898723711509604 0.6822738629911065319 0.69659809320656254986 0.7613571029766721783 0.083882322925989931807 0.25912229482174324981
0.073973268744965381437 0.24461631660267217354 0.5886440433645056113 0.3262177927728951251 0.19740501822822583978 0.98169444125109226747 0.0092231812245535687743 0.1941212655758080089 0.67774518573815428513 0.3732901252788333984 0.63036798689159856244 0.30354584923625848225 0.63948116696148969603 0.65489038112604803599 0.81398026240049582345 0.37380586008499680088 0.69396240028779374693 0.30487461513870622447 0.54914333466174627014 0.6107923811436977063
0.67511140376371559917 0.82146202609859117824 0.46378151954585803709 0.64226370791186513395 0.025225734133979246842 0.92504638913099971497 0.33365291688929156477 0.67238108997639847318 0.59331208244238198328 0.034656561012092132208 0.17301471134695934852 0.39215490190189987321 0.049550149099576213524 0.13576643434797628984 0.78942808415968828182 0.44296682538022856464 0.16888180744382547767 0.38384208184152550868 0.062641328213873744696 0.5146026471563755404
0.99967402689971084106 0.20621500442143757238 0.83631076570999449658 0.66107859176425301409 0.020717957552548420274 0.8070837702824251766 0.063724045289026424099 0.64371886420875551102 0.32206403692811348151 0.58870553317790911234 0.31756736391620230719 0.76539457382790820596 0.32449775368609706696 0.50517784152917522244 0.17315433445082682989 0.31406507427827955978 0.40649118433038283456 0.47176728288693743196 0.29740139075956413138 0.38212293765297220498
0.87730009510591369073 0.8838855524341471836 0.98229071016659137694 0.2066333495274180222 0.42521581165145706875 0.30118294005283404146 0.77831949316404384578 0.64818699052543848167 0.40459677528304780424 0.61973626897948016649 0.72837564959161360859 0.85214500240621815773 0.9130253761668848588 0.37134378691449561425 0.012432441793855667585 0.31081747635331154195 0.56788090766207789889 0.15002809104022287194 0.45492776690480122778 0.43077116750216780117
0.98450528781263879239 0.12638567088265523458 0.58054817031612839813 0.88634498364753546508 0.85308117287250660293 0.13987186233660885875 0.6883451199847396373 0.65540785953648307858 0.40564102285701055309 0.83084932076331249765 0.67780852915485837742 0.77229931248142469439 0.82925052246766698538 0.50189709630355513635 0.81798395482085551022 0.92316857458804603398 0.3857494828362564645 0.84381544287861372927 0.57435101097521255138 0.043688936219132263705
0.29025802090576807252 0.16163328914305575765 0.45093599870029533327 0.52950690103209463027 0.69908762093589432528 0.049897158417339708197 0.43823541932948315952 0.77712969191217112866 0.91122802356593301458 0.058711252805278552947 0.83572137162134925523 0.79038091471408797198 0.075850772640253326655 0.83008453493799136359 0.7191828870519083103 0.41218550631230342092 0.67173583747491647427 0.76654146098169184545 0.26612476887744958076 0.8284701908815607351
0.0053146539493608646815 0.13461424288692122988 0.084690838613733326477 0.53355229603647893886 0.78367008825805748996 0.93981643788452780638 0.12879630166016929832 0.50754822182025955644 0.15084627877346574819 0.31695215475653731912 0.43935675354642614163 0.72472722982570409405 0.0077828208880776951224 0.66748240842633194608 0.70457896754032701422 0.85463012397763874519 0.42832934513125896778 0.027664324411715216564 0.086755083116977914804 0.38210078195960641334
0.78074527953557926879 0.90575006369544604467 0.037441652984244140634 0.6819826930836435746 0.51033121627330176691 0.4883453964505677719 0.82972907117365273167 0.82725273298729347816 0.21043555449743109564 0.65422395370570817261 0.18361667135059419053 0.89358071052988125976 0.98420596141142668059 0.96621429468716550664 0.74257540304253402913 0.037503613482364057052 0.59289973015642313944 0.29852122410533527057 0.39921994792587461355 0.21371507121109500053
0.15748540065590199867 0.87654793274347776071 0.12235508114753895705 0.58449166377608874096 0.50005454031840239804 0.51832670890778479036 0.61976948177919562448 0.97958445459314536077 0.73285412928410275133 0.7985671711558075753 0.30706639023438943629 0.4921113960060337283 0.49153034174544865762 0.39918367928677568856 0.97410717574946386498 0.46165535921007328141 0.28275727631149800333 0.62419448772739689977 0.24690524109967544933 0.26778643816919908189
0.39691408156466300713 0.60255609250589489104 0.71328964973185331102 0.73309064556884320345 0.57463311613762855189 0.95196982315143895495 0.56498732081453428041 0.97112664970892465324 0.53648988322714299818 0.90976797945665091848 0.6697599475646578396 0.383149736958013198 0.15724925764159244213 0.37740478309423516488 0.95677669166731096244 0.99405082554198586438 0.53928303008690790218 0.74668563992901956452 0.090695076894917481931 0.14828209158526942292
0.89821242275326559017 0.12517708075227019327 0.55881389279200590828 0.78919271608585173582 0.13242850284025683993 0.75181444596611609943 0.93697492128597983447 0.086753087857900310249 0.29894561707878736104 0.58185349098882268188 0.68100037556506984554 0.73446006590389106448 0.61124563656928156585 0.87931993134143703164 0.58026200106280489347 0.18752690772113967971 0.50215747866691204376 0.81165444027921456669 0.90137356829287349988 0.51719680499390465286
0.99610929053213317252 0.75778871532754718695 0.54849126759772844514 0.84236736670735984356 0.84553400009435421655 0.94601148053512702161 0.13596938943378716604 0.2515680338629960586 0.1612110943833130009 0.70535928608119570249 0.99067529644284677497 0.60418247798129640032 0.50750450091727985715 0.76191100386253428128 0.77213716484626683539 0.63221050946049198161 0.62162416516644566428 0.1031919241167689789 0.066923305485823606864 0.16318162001779411556
0.49166012109648840898 0.98818640175137142066 0.55451102729899223249 0.33074346476989408027 0.86215852722242619638 0.78646152306561917082 0.29658213327066347017 0.76042672801713738457 0.13952717814716507203 0.64119639479257407047 0.99812143634656563497 0.085380423107337269004 0.63042469959049263304 0.019376711111930263528 0.38798229061456362439 0.8058204519796708259 0.77511128779332224561 0.88054997081411135297 0.11468723859002170657 0.13020200020822122805
0.43687881412779925412 0.10388389250381906934 0.87262099144006006986 0.49920639803599404897 0.093244913947510754443 0.41501969148031747533 0.49935696789567889363 0.96996484506025953287 0.96726106420595444002 0.18513766185851041334 0.18279927673291387441 0.77420014046396026092 0.51682420256089151278 0.81622503863614667561 0.32853620986729361008 0.54262991725550958682 0.8693496100143295411 0.042639226222317973942 0.67991319737946717526 0.19207197487136554951
0.92969185326201802746 0.22368676869751975015 0.31998077859131292657 0.36606858457291265745 0.25348427041532154325 0.015655645781682214442 0.54085436675916306952 0.9842959641686920567 0.60239295885180103602 0.57110890708999416778 0.36680371516727055127 0.19951639797930755086 0.23804364988293714723 0.1037559221755701919 0.51189139142173467953 0.97841192002417991003 0.3407759009216487923 0.15787337039492821465 0.50568794702235933509 0.063488396439082910114
0.54159161354199263235 0.73233444255077457087 0.24802481035737078576 0.782322362640066639 0.56228855373881965539 0.8343652164858103553 0.68906235953701703195 0.32351397965392843904 0.29051588338400565636 0.66299379231334391329 0.53178257753442159764 0.15054629769990349495 0.99424751715145579493 0.88629884071563234504 0.69927248475670818081 0.31703952656078754314 0.40512302671513421499 0.5740350436367165112 0.60276297359327430026 0.9442273498237688122
0.28683962736557646234 0.30988303374751169361 0.49319092716667609224 0.4515520445765846918 0.56909582277899814203 0.96855345890647329105 0.025911072674941059476 0.12565005185160473125 0.97361567618230340619 0.45451465007585473106 0.59855937313497027859 0.7475048146013100307 0.61327867367988882604 0.63313050322181056658 0.6300918639766042845 0.37714793482314055783 0.10087610895748156254 0.81462874632028959941 0.82377403282115986918 0.40314593267736215147
0.12830978906087929682 0.52563208881331974741 0.46325591564874240983 0.39241231092133239402 0.75829029293409730758 0.80476133785411265207 0.20604231983493678061 0.99440576184103473395 0.90051879665189876148 0.39002771414102607462 0.14750180792405146899 0.91023415701610668662 0.054003575026031516194 0.095124244794664996998 0.84964266891362780323 0.25786755484832905454 0.64128451868131870756 0.73201693142708037132 0.094115642317651703721 0.79563895106662305102
0.44351197452481426741 0.27992572834921590583 0.4170945669480655991 0.37387209347987100791 0.94027272403016529367 0.74314409265374575846 0.18828004182579595433 0.077104111073424804943 0.25247253487979932581 0.88921630187218373017 0.89151470181944446168 0.63749598986002930053 0.79127707158725267382 0.65722100263603837811 0.92189609168609458966 0.92189820667273487872 0.86110360653430206157 0.23994784510806683748 0.46264872340779704879 0.85897850889812679562
0.66766550722063924161 0.2954645496010187983 0.98183427809167339009 0.48389608152313160351 0.31700313630165976832 0.35221464857810344231 0.14341247938312423106 0.39934862084853796251 0.09642889806309449315 0.39801334530785293091 0.61943243398558837324 0.089138051954028751174 0.90677257156065004575 0.16849557081423094835 0.30104301116368040349 0.91328849529621759654 0.5319685280174012861 0.97333308717027403658 0.51013012840085681396 0.70184045826766207999
0.09149852644600102138 0.37624894377697853395 0.82133033667810332159 0.40456351934464155338 0.3182833658660299595 0.14855638285599336246 0.18873481719269145516 0.93431979687258474908 0.76763302136786225858 0.97407537284390340027 0.92690921921738095887 0.39147487994591130062 0.65373462427375854465 0.49276354667080366406 0.55732921619747967666 0.044469654342757106017 0.54681507598084136857 0.050459245762690060205 0.037471776583491290321 0.78684765988880869944
0.14147346116564955289 0.48288074945739085518 0.78903838259375959672 0.76445570559890987781 0.81766072510366332788 0.25437291793846882894 0.55787181704656016689 0.96012158690163310716 0.65744439678828349205 0.93288795799277835408 0.27551157786861961636 0.49576559069510534858 0.9555809372206881939 0.27255731858932444084 0.26108101975770420581 0.068589401290768591804 0.88051025572550857339 0.056775799431213189942 0.20353093316397636344 0.2165617443196602917
0.036510375644263491103 0.13965154917913247734 0.59146610501579127846 0.49633231303959630292 0.06530881702206779878 0.46264143345923349154 0.20488658497511496345 0.11461092164301192765 0.075793821691650733584 0.75626932714761747499 0.65837139915893215535 0.33014458673428389408 0.84837454505906922416 0.40762571960582955251 0.81359586767371483337 0.79516170579342433802 0.22802275862967834324 0.674145356634345575 0.60258726069813593735 0.62595026572104474252
0.82203768111242752768 0.50038175909226572855 0.67735628856821992225 0.64058496920662026761 0.67057906928742110888 0.73634195091730676692 0.39201687283622109595 0.84953411173539522425 0.96711816312827887768 0.41715203198335113507 0.67913234958229131804 0.72143995012641922002 0.13256338718124166146 0.41909724567636033463 0.49453740082346216893 0.80876662529341166699 0.22041982919236257884 0.57283338784118778005 0.33555306319685650407 0.23543674707049712283
0.68764119108283560956 0.99176561935024068164 0.81959605000108054089 0.86109813337347381146 0.12329654845882352801 0.032648520750857343091 0.049023300603221640567 0.30837266090464218889 0.18660712974811600139 0.79908820107307943869 0.078317788522936577177 0.93041695606292595792 0.54462768377538223126 0.18960372249879499861 0.98065718389874425627 0.27687452400050323792 0.36739149990314340962 0.79623719848271464779 0.34653642323106251201 0.86626514013880787118
0.68581976700256041461 0.8240275018107269115 0.87634197459139529716 0.81134232302014015493 0.00866196214232562258 0.65623872833914172903 0.91521165081033583173 0.35851207325201025426 0.083138823152489564692 0.92549384982343088841 0.60514330294478719499 0.38242521001057787041 0.59190060808336181903 0.66407936928127088563 0.24300462873250170851 0.10704647622983853535 0.53824370237829391271 0.032327742974184346767 0.1144594170441037373 0.51038825956213287297
0.75479182604178442304 0.29786920104941814742 0.99810499015631005075 0.94484973066267497339 0.22579142873277577378 0.45055565410051508761 0.035856208093173439486 0.49906599483099378103 0.63679119837636249463 0.63124554658085954773 0.46651649034287874881 0.33338041391484256088 0.84975164830285218197 0.32056898023751719527 0.23796380632436295581 0.39265213107746690181 0.55850930842786626542 0.40433622310600830275 0.22663050316464535542 0.63375979225453911816
0.64306676134012144791 0.73006760189364209418 0.55579526570834685971 0.65122585405118714035 0.44375171316459502337 0.044430730539476369974 0.30311092015191120925 0.37940186482010262 0.13074603311199328802 0.48114812535288825342 0.14800866480293736814 0.12755690660193060167 0.48491816504169644433 0.71564290883070200204 0.48232936499239792443 0.11386381229047045532 0.3693253717577267647 0.59909924758372865245 0.28762800980530198901 0.55295066970808013957
0.38798966216668109305 0.94835669955662685218 0.38376577987198608524 0.33723670981367529517 0.25281026144452116189 0.43555765648787049272 0.0073578171178756396451 0.46403563154714788078 0.16883741522397669431 0.6038490423302642816 0.15775080504295493336 0.56132313018050716493 0.76731639138034080333 0.16664496561973658761 0.48513860477110320774 0.15702907111979707991 0.31089513529518424665 0.97098103221686664376 0.82061709221412759187 0.016540295190872776458
0.30194039213283538434 0.57134351128259883287 0.07535108761144007286 0.060774223228427936444 0.43821296951752984242 0.45961544594244629973 0.5059137233981280568 0.77663349677903291152 0.8946501478433876957 0.49851308154344301779 0.31984736436820620505 0.046262191392107170713 0.95993005272782328246 0.82708086961597921793 0.34910204924548650162 0.028301698032403850677 0.56950580165716231396 0.057079262097178246754 0.55257489266727286101 0.081795441718510038937
0.29176204498032799989 0.84081911679507415205 0.0036278378548210913745 0.41130743490626761632 0.4204968705676687207 0.7187807316200410177 0.47708881617844100463 0.8051158290909965307 0.41932569425339719815 0.30586211507300374791 0.96879996012784506964 0.90340205115055895706 0.97459385972045054316 0.41882830201213779167 0.27020499450037674914 0.77745699599391649483 0.92718094688664592912 0.55941462035072066097 0.21387159844457932333 0.66724665413758870662
0.22041057103376823214 0.69001956163285714442 0.13522147476867898969 0.065236228511317203205 0.040317192623522091503 0.30432515553820081434 0.48029543073399004059 0.68724578854937261497 0.89377560877638305165 0.23423794790774301916 0.82092493340110505906 0.23379103843284792152 0.63342074211274029198 0.10540808958586701523 0.73103837095493963443 0.5615478323749035216 0.90215113353512332302 0.26051123167354580979 0.3295564021037135483 0.73189653586580086253
0.1035196036127333554 0.0072200318705981178123 0.11876538916423636248 0.71867435302237703861 0.48354235977158285836 0.44920885124732165794 0.066427685897256145238 0.31423219631482751803 0.91170643668198675044 0.70416215020298960356 0.9546329288582357937 0.38558700176647158593 0.70394344802598596164 0.48548500626058589566 0.39632697725988365507 0.28188167383528775955 0.3152462424725181028 0.85887865930435418566 0.9349950774487377966 0.21323974403772245982
0.6316514456232056664 0.20061075982677447493 0.5976071379932867847 0.021469970133827424787 0.11327612670551353468 0.75524493423367381064 0.74653594598870272905 0.86158198072578840809 0.1776838127614584506 0.48922199322136189655 0.040956267044051438688 0.80817867428429203869 0.50444454012422139486 0.087207107901765821808 0.82919581323412396787 0.60725934524301912492 0.088351696336028628877 0.43259953885443339479 0.37244356126282105569 0.65796591317067477272
0.88659882454492930723 0.98759977579945362308 0.83861986106725583059 0.83332702989668730047 0.48451071743014054654 0.035115707247306902244 0.71015899430336102137 0.67183611334791793808 0.54643027288884312868 0.94612686816139247528 0.8503651414490812578 0.38592151193389638407 0.75809776516622286575 0.87907332597274701844 0.83562854413903406493 0.22102574923034507269 0.81720914005791676812 0.90665661767097909917 0.78894416613941053 0.1891219490773181036
0.1863014001314420334 0.21862894378184998516 0.55071417855663063281 0.11991549782891611052 0.53102578495210334022 0.86467507130714129298 0.94152945239904311386 0.84509873161396991623 0.17128096586375961139 0.088133951305240281057 0.92004855820808626593 0.21072523786087910745 0.029530188041263180122 0.96195286078348392247 0.59652295966935555533 0.095779534010885499472 0.23190215720516821514 0.86080193741870627433 0.44936884662666546226 0.38826764959691148081
0.73339281467735299762 0.31735782569338039555 0.87767428038417935669 0.560095748511254128 0.29299496018724185639 0.0057712738556039094406 0.74090522932504721465 0.045491632210420084731 0.90919834249373198597 0.60196541129880014347 0.12944336370391243895 0.25400499911004538808 0.59984412774462753153 0.51169413697566500836 0.37641372688973520182 0.96206321273221361685 0.52077335048765211481 0.77260110796631478128 0.81822007852277980037 0.20486986517165157675
0.81158975233382854884 0.59960730149622110282 0.86252059059327865692 0.42208781604236184076 0.48579685399384087618 0.98842419134800707216 0.63549708398144199445 0.43409381608375864891 0.88888418907926975007 0.46484807583412644013 0.46918767229144615243 0.22200859107220905121 0.35888875472402187759 0.62571810152721733101 0.0010400458613346941824 0.40402756346066673147 0.53417691179307359695 0.84766288542672543001 0.71189154218781910179 0.93286510726812021005
0.072659114850094714253 0.14290040298213711105 0.42692980372290107734 0.092314898979835828682 0.38553626922077792742 0.92345797453265559906 0.063091246382861291089 0.17318221972199070098 0.66446186995960551734 0.38263684876171474538 0.91518487140144896591 0.24260667681361021349 0.8861373467947303261 0.22619795883403784255 0.16164503044636626387 0.74099112891174612254 0.47404471543786722866 0.96223955791603412943 0.39379382484342383098 0.45435482215174508106
0.73788414819476311044 0.96120538276677478185 0.76338971453526843894 0.23475512245301631895 0.82656656231923276247 0.56212141992418403994 0.6197392164221654024 0.26405237198572618825 0.77074470780709028727 0.58932627904805079497 0.22980731845777647158 0.83456119327202980904 0.91316812100916794803 0.98515235538303321661 0.91279073196345815049 0.73852132089662266462 0.24855578799736328884 0.59845202034740789743 0.92404695824420161264 0.46779646045774041739
0.32007443540194558198 0.13268017971258363709 0.12147491916768877302 0.47818034330197229986 0.97362850166792468533 0.71969154901999558621 0.38393807380308738516 0.4956226814838360553 0.36981880770479617579 0.10150067653059931212 0.31311565834572888242 0.4570834533934391013 0.63032626226640269088 0.4853802258989554872 0.90714979522275605481 0.055418951492150137633 0.84718359812483658996 0.92094792905674055657 0.30386499795446863712 0.88797618214093808895
0.18736807873641693158 0.39515984206989186506 0.096636698494467178182 0.22662422094576762207 0.99915290285117394728 0.02744910967778876361 0.9233559995082970912 0.57318756050353175235 0.28482249769510567593 0.13260238327528701887 0.97571990308066677047 0.8594048010213840455 0.44321027407153134171 0.76092304854540832048 0.9388261641089795171 0.26130348887495918794 0.06760405255634679972 0.16911964705622750747 0.066837399273477369902 0.21792730817829541356
0.69485951823745799777 0.92443850751427859711 0.077298471295354008882 0.84542776509594980003 0.42815222649902179921 0.028421457983584300555 0.22260777315271090392 0.34925833526190397632 0.02730195223877838898 0.55159386176849504611 0.53335956773901098345 0.40624076777795879728 0.53200418744707942033 0.73598752338141525321 0.23701168952417427593 0.0049092855520095064043 0.52788306672228474251 0.16549893962255077305 0.40563639307937064573 0.50366155227589676224
0.5961430136562192862 0.3461930327367869673 0.83910432539010742522 0.052674166596315702134 0.18899076781600796307 0.96183986570971554569 0.08741539058218879808 0.67589882451923430633 0.017961062389871924969 0.12868940304542638266 0.80777449949437239599 0.94390998020025600516 0.9301292248605615915 0.10172385065353626736 0.97475037426733155278 0.69550158235304435756 0.87205964220881989631 0.69816534755919703144 0.40363857405481427121 0.044128054761559786586
0.076222546165594853168 0.29208332901833988272 0.3311738502663019992 0.19790221515807717638 0.19391429953602478585 0.35330046645733075966 0.10768935430933651153 0.676372837217848984 0.11710439215113902883 0.55147911930366320965 0.98221357011135204543 0.093040245342678780252 0.96693406405895870371 0.55032440249323114219 0.31565310739116852795 0.9395779204519683824 0.58509226958606909419 0.070029966311897450708 0.2653825126897345802 0.70766674311702913795
0.48784151551807604239 0.98150670603146632936 0.46124379965161000277 0.37156187508147634917 0.46524041717031536469 0.75603917906980189721 0.067114627806895415173 0.079373897956516735236 0.075786154605088062064 0.2473355511677901359 0.43248660151834231082 0.78101487262578747254 0.82535400977846876895 0.039333250444262918331 0.3556042527670078024 0.30459953039066675113 0.47669267540975873043 0.79135943300853595018 0.87916072736367018671 0.7335430982289679103
0.39691191712409252629 0.090542796120388627332 0.21700296317898374801 0.79115282587826566958 0.83055364042099333804 0.47378026800707703618 0.50598416095355258751 0.2236233206272247693 0.48004912159824515499 0.82511568247841869309 0.21011681778295113524 0.93988170251141693796 0.9357904616471234674 0.71309140776498973225 0.88164730102974711617 0.69901971409776740904 0.80769858860500044957 0.11667727164860330067 0.98887784452061503593 0.38325548189851395698
0.28897973675274251759 0.11569546508395205363 0.77800766799663568173 0.97791330222288818893 0.81899429216096246621 0.75317845024438700308 0.9416633971878823883 0.31892412657764204634 0.74001513008291930996 0.83319909172650899519 0.072356605494619714814 0.31507542345765815483 0.26471235493069553981 0.74860964369273690869 0.57978731054529003796 0.76296630063849313542 0.65319444708565425168 0.85228330105594047916 0.52960125630296875739 0.24956552816322311993
0.41027038896554203414 0.59824184661573413324 0.61833096762108540008 0.54719987780360449409 0.65917687109452061421 0.8805145691726868257 0.59040450650826573298 0.56283263298865443021 0.18108801101641009925 0.13236630936622916817 0.13824290736930606917 0.038608406674358375246 0.80207774200025755206 0.79060018769336592819 0.39666888411610189147 0.962615736507007623 0.13052494111445596647 0.66400217285033736155 0.92768110767844802261 0.4556919284802374627
0.17007024824306890592 0.70770229892277055326 0.81950039474216374279 0.49615079071496046714 0.14498539681839763276 0.18305625670040370502 0.14516454006019985341 0.12352359583250353256 0.82182424698877630211 0.7922431348419776657 0.08666432031187490143 0.15505680375264659245 0.74393848531634428967 0.30229141725642296747 0.13793965003850453726 0.5104100498669969245 0.81143529630663805183 0.77408633432195232948 0.43936960104501308547 0.98196394942768412944
0.77411169195157471609 0.018257181797421992517 0.61069218377604163415 0.71944588911331049764 0.7271830972666722808 0.37782127866985003973 0.50300320480410345449 0.050309110015466970733 0.34059689932215034096 0.40571667294793871156 0.1899313876602757751 0.8139569550271379971 0.22543101992110751644 0.68359954495367451809 0.066662889826696598622 0.9545176573229699488 0.92364419246639705395 0.88345141257414776394 0.78877646990228406142 0.27922472243110861475
0.036361903699619963252 0.44770731555267456796 0.31362514534008378045 0.15371727541882090835 0.59436802369589083512 0.20093245124319274078 0.8458090148772455612 0.40515455614716145376 0.69888051023632171641 0.37970760770544996379 0.61652497744286210567 0.42822089268304964777 0.27277418384842665611 0.082820064253136918531 0.3272064275060217262 0.19843508943074928845 0.45794345451022462943 0.71351979279764571654 0.97738297733544089209 0.38557275380484002091
0.89347697602042535053 0.40956022957439303057 0.29163413011786528582 0.9784761237174886356 0.10038117707299219967 0.29444908088981712783 0.90927049260520318081 0.52444832987084899121 0.84101103760279490734 0.56320882969356608278 0.4396434569431591728 0.83260663682724619298 0.22178296116394501564 0.20456486922159663832 0.034013180027876064964 0.51273659130987520076 0.57317803442216868004 0.090227888596517722547 0.90511605393981334357 0.96094922399165889952
0.37859773223572554197 0.39369816517588649562 0.97032565963237942723 0.15995433405111628443 0.54914508439401935736 0.21171951636925062792 0.37459459354174252802 0.76123161555558822335 0.50459573228274034334 0.27141985818534074265 0.25480047380615585554 0.63630392824210278767 0.2869769240519257791 0.84273491943263919879 0.50922105693809906191 0.77725543039321592237 0.94510768538500817458 0.73539292729672761385 0.85469796001582711806 0.48353869287199787022
0.14505694350036214254 0.19816330145038002633 0.2782468669730992439 0.44991676358536054214 0.12048219457253625297 0.76484219986742386314 0.1439018925190372349 0.79760143813663316777 0.10639008121634196079 0.16036070192316667263 0.13207768348115449096 0.61037459311980012046 0.60675705086987542639 0.53068655525560491751 0.17236036259116625736 0.55362750049045129675 0.64075270661978354014 0.092842100626112965126 0.4998386382463593616 0.4051822681810684977
0.32714505372036482096 0.69324134178647624585 0.49907286252122059415 0.51936815464244414086 0.1199619107203129369 0.55584153542887005224 0.47218507902590625333 0.037461593582666753504 0.34424736220645301533 0.20580546729783564999 0.89654903656694147438 0.1252949110094469413 0.13194622911730385239 0.72689240958019745239 0.37804452136770597045 0.20579851933902517047 0.46166040244507609581 0.96924369794727574783 0.74662436187395221074 0.95610702583217540543
0.90228658548214328171 0.35237986462888956358 0.68488060035713595896 0.38166565124049855101 0.012355230210713720972 0.28645960012354645924 0.22553024752923306215 0.13168743303953651404 0.22098099926569620874 0.18580338865926609206 0.51479098441994073976 0.51022569514105619724 0.53831204031834422257 0.45816578539365825204 0.73037375802608486385 0.32817647357171164429 0.91216802653551853854 0.60319467460243358188 0.47413828667462687232 0.12289596058976281877
0.57133466289725724411 0.22667891963305842809 0.733279626581292679 0.43138270644061406806 0.97059694697357677597 0.28894357491179713384 0.56129907931296066885 0.17166574031542039091 0.60843460608595945944 0.45752707843769613332 0.96906084415004416585 0.9164590278615092374 0.16676320872022283885 0.97765531313289826004 0.0094023676532067911363 0.05920296540880869813 0.96512428781659883377 0.79903099814185307123 0.9807229172275249684 0.023323915192841240991
0.67882683726402894003 0.916269630515029398 0.11663499786163665614 0.35882771627793300058 0.29109418478887660973 0.70585164979870180889 0.73485337933710266351 0.088648559558185987379 0.91593497678904975016 0.9242240614366898697 0.21807049344176815875 0.10029392870082120008 0.40298613963005534193 0.93092648043717433307 0.76940310716521189576 0.92014020794916452639 0.85463084906868589231 0.36691423377380699309 0.62301541709472447257 0.37912941162983751985
0.57314091026555149405 0.28852719850153507434 0.049448652938473468699 0.72302737774756531094 0.44992654321487290687 0.016602620507377549108 0.17483229546598818882 0.94278134620446833416 0.96485197635389652484 0.25193063943293721987 0.083476182197265732458 0.00044651861125942097835 0.33019587959505971881 0.73021974469812690365 0.90510142698117765987 0.77104738208133186871 0.25731060758629054752 0.7698335662649448277 0.53512997127151377009 0.33857993641613513206
0.69043444635205169341 0.45677876870131926552 0.043437098832000791717 0.4201849477013484261 0.3222860566458889207 0.63353463292695169271 0.32832378245009102673 0.77200697413580785802 0.79563731706671519733 0.58747353690157212198 0.66997236833862734798 0.16731889071006280983 0.55442615180238669325 0.013415882863178006787 0.91199845553630077069 0.26845201091648707875 0.44202319025789393983 0.14127441673281114905 0.2946196563048493272 0.3548465920026540384
0.9980610441777930037 0.31028224635876163221 0.22785003777863793197 0.39358869728721415822 0.24536290639758763044 0.03711197588386235262 0.66480097411055899927 0.84915583145964433111 0.034843763269227822417 0.039668556522832287229 0.055193920122525726971 0.44055467451758298809 0.74334972247002402098 0.85801861390250495253 0.79292925599819714678 0.33077077154402285524 0.37991774178012174834 0.57448052270165369339 0.37930832046672375072 0.98606213470764461843
0.27286804743498596474 0.65251890202321397087 0.090428551999779100573 0.5305917635721503416 0.56439989450962655082 0.92821363801964539323 0.039295923586161702311 0.20154329885670490852 0.0061413339947820246717 0.53128794502812892611 0.15339730600642654715 0.65864221355334038807 0.59753710754800670453 0.5377194650455735679 0.98951647304464342484 0.66815449172514417069 0.18073273582518871851 0.21134920312076283324 0.54333825527696919173 0.26661854116494663152
0.74282316768108279425 0.60915039140308355236 0.93882313110754597605 0.76406794414319009241 0.95166729276348277727 0.36854511646463994232 0.12767261001391272689 0.52602276415054213815 0.60471375909487219593 0.46510349066945562251 0.74266539111490191761 0.90076231877658634686 0.44336644432035318111 0.93450713594811857541 0.18705607894311377276 0.53526021220563306687 0.93365881092086840733 0.09019218269391088039 0.99930160259957401486 0.79115698084113158834
0.97233042721279186037 0.43426708003196235413 0.3682472933875256174 0.059368822652929292036 0.86026863578147601258 0.81385509416335981379 0.34082766830951869135 0.64944519122754328934 0.24947841048379983938 0.4153331331158471689 0.7307668502725020244 0.055366675298366571103 0.12572313578788852782 0.89771341706265415884 0.37232626087504074101 0.069039547317460137109 0.67440651780705196925 0.97421554235723781235 0.29782297254216719774 0.69930463232135121974
0.16884506152213951555 0.2737004793019473496 0.095527849214995350753 0.65386585596363885507 0.73083329046841281597 0.99427130592662894609 0.0081871575448881207088 0.17253891334545527525 0.40984886322405428668 0.99293067357015091581 0.59122949797836543852 0.70804053528871501068 0.63914482388833609137 0.17602478011753675577 0.47241596214032839879 0.55012363049543172794 0.81318143731858893639 0.49492128149894017077 0.29762489283399155355 0.26278918707225551752
0.53163864862913890299 0.21840081552290485975 0.79024692811145047635 0.59018329805347966466 0.32598111096013098267 0.043880789144156344102 0.14283238722349246227 0.31680478854988029287 0.63554059196416147899 0.44046610969551763397 0.86817319195131257165 0.87109603079054591162 0.44901856492148793925 0.066434332368830893961 0.27392203172455559528 0.79024084774780223403 0.61724065853674840146 0.42896615969959661456 0.68921484324757156033 0.56724797521065144375
0.90296915796655194994 0.14630742521683996819 0.90331147777152995737 0.1828168341267149532 0.73837793012509459601 0.39471647198679460296 0.69783725081431695553 0.32944659905597265117 0.82093339343698069519 0.14777388288845477482 0.92787060659347216768 0.92823101900289797008 0.86117723988216908162 0.3807678519431020312 0.49030402062611557975 0.44442563873972215248 0.19837661995278833187 0.99855676320656144005 0.49638599197227078921 0.36727836557358228554
0.19336414257960302061 0.84752108321647966823 0.25617757440113936941 0.70304575600761419772 0.9653135006840281533 0.11589684809957988932 0.50328214520498667665 0.23398994382473397289 0.93489220493068256427 0.36382981243251736415 0.74606782440830243189 0.71382103913581931609 0.64446270954291191483 0.94410206179940339905 0.9431578492679003292 0.35989952157132467866 0.75096273905115334577 0.12249964626736482913 0.74380599407998008663 0.35630441705654281362
0.8468184693165554033 0.0071427551425412729824 0.98818378107426190231 0.61719543084220642706 0.2922508800823376412 0.8547131633024664127 0.80185092557798475079 0.5398624079343741033 0.51637056993774131918 0.27753819761089230966 0.26451958095761382757 0.042765576377973378152 0.84606924272964137987 0.95309287752022340477 0.16788088456330310373 0.051833837251105166672 0.14824402979920400672 0.90537174657441444535 0.76732817436471112047 0.042100909417172197014
0.57600374509401962818 0.99694758936200374247 0.29432730537078450516 0.43350991480116303842 0.81898592963603790217 0.25557944514850345773 0.63846817918089900296 0.70338339230369756875 0.7071399377604368669 0.29201503274210180954 0.87005136242838087012 0.95803267939391466008 0.90041968524606636517 0.83060096200874095128 0.37973211468503343129 0.64049182759214913897 0.25601469298393581263 0.35246077326359397303 0.65714037611809588362 0.44677261858535405803
0.70058004816744219833 0.71538518333589318508 0.65783644859201937852 0.53825578355289024229 0.82669606504571400247 0.92217083527581796633 0.49956463269493345036 0.72777523219047780123 0.51945826210229897901 0.64794496931194758388 0.8483598725717758034 0.53847839412635754532 0.23903463824954794683 0.66934801558915633121 0.81882699053415762883 0.95623391086185478447 0.55378410903141314772 0.22152453000836259587 0.4852832398285718327 0.22513831946209050702
0.92823813495616007906 0.37432948747338081196 0.39553204649643399843 0.9407860349843124374 0.29809214389139435992 0.46773848390956632111 0.49575644289359345343 0.37183921825104202901 0.23159921562560015435 0.67894466500703804613 0.85974615870915060766 0.2352270729488988776 0.92213922010637981719 0.7301108049709250686 0.4088034145037555465 0.40768195698693260472 0.48255221675432393282 0.99110621301339943043 0.95774436575841258458 0.54650845921184110839
0.38683273584099517458 0.47248538914409751006 0.10596447369627512197 0.17141836641346041133 0.86847580293992820879 0.555221642817392071 0.67487148379140446408 0.48956517453126374955 0.29194507492232508577 0.99273716632151951872 0.62622334582649053186 0.018371145717734369788 0.69745126352952777727 0.046022075645364309156 0.3659940441154815567 0.063449336864948558258 0.08999837696609921516 0.52586784080080803183 0.5689605467642972299 0.3558284093577443422
0.70558001140057520587 0.65024242979113587311 0.54105108936132305158 0.067198112335058421494 0.36917443125538532356 0.030772788261494332998 0.62901914388105909702 0.10091743260957334504 0.82608972259293390308 0.65259700801768403465 0.87662906856420163215 0.0094643336650776061186 0.36837798255371577666 0.39963783716453278101 0.57705120401537963922 0.63398568466538385833 0.49190725545999761331 0.20292122680995087867 0.97349176814880831554 0.19011884788025055755
