10
0.55150480882201243925 0.86783895410068945931 0.035520596390944655105 0.70100341531845653008 0.38068936011236281688 0.90920760890172601539 0.74416844182732526836 0.57474354786502056405 0.4181869733601511367 0.93892317957942020957 0.015041924780603177882 0.27576544404955029093 0.52586624059971005194 0.85152848768766984901 0.4885249921041576966 0.87851248307448328721 0.58860197202149824088 0.26509542456285197285 0.79126977133910829788 0.67747788151990759331
0.25317970343265309334 0.67652767191122053397 0.81257525216576168963 0.11040317585216932007 0.6728045506592684781 0.015657708312038502295 0.3590515325525946789 0.30371275040871761219 0.66772129214598348486 0.42838324946796323801 0.61601397611093443448 0.97941584239030737532 0.52890852864895078001 0.59302701775503331776 0.58586463870867707538 0.78433893986294155981 0.8930778542238643044 0.67891039609193793813 0.21780838151826600174 0.031865426505287821105
0.89565353587249052416 0.87885078831157155589 0.59590717294714531509 0.82672771893632171844 0.82604739185504371133 0.0011423755969153815966 0.18067077301721982794 0.95425347656777178038 0.87029737094273158245 0.7515598281505073829 0.31171670672849036544 0.024394760186684629648 0.86876465759719148548 0.17618797345416509442 0.82604767107014793478 0.036679684411671966153 0.39726831193984687074 0.34146377537432236004 0.97497457783227082823 0.24052338862026836393
0.14852816210638695386 0.3682940192203806884 0.5634654005723086576 0.78434824163247783736 0.75715857745948334721 0.70384863293463900246 0.09622706029835191219 0.69129700390370965238 0.933643569021726656 0.53910234860708643433 0.16063996738555505922 0.0029604709161603287929 0.061646566250522077284 0.038616479479330175265 0.88064365691809350854 0.81313808774534137918 0.20646116104012818965 0.20338518300925205673 0.26244635888232030376 0.35494014924422804424
0.65007015359291573688 0.67721716390951551507 0.6795172230926375031 0.86669019593761559788 0.13655683613281308612 0.49819448284952616232 0.1498005256248033735 0.47516156924663378533 0.21734507135511925256 0.34243957315694505085 0.30680160882742249523 0.14036481667015180465 0.63574279568737474704 0.013007062501863421 0.35836264807378104898 0.76840539721173388145 0.92902195636677327494 0.27771960094866498457 0.56952878337224059472 0.37354365307927091846
0.88782696702069122867 0.92598251640901725189 0.93645900881658508463 0.052855830129927881681 0.68630043577713216761 0.92206443771513341471 0.95764503709829628834 0.20086843018785777875 0.89764566249534635448 0.29730504465036518893 0.87037803348030734696 0.086074203992755121987 0.071553612625672743648 0.57712483159353665085 0.048140521342457211814 0.51623925064159748943 0.86963713376907725798 0.98475093664519881229 0.18161789359855693115 0.64167942563981909126
0.62710223778376824499 0.52852691624614772187 0.96556393730575011767 0.18970477881488571794 0.26974252009750813753 0.65711307690770586609 0.90491912668766363338 0.9704976911935235359 0.59475704487932494111 0.25762189468576981316 0.40768000340380553253 0.14229867887933300225 0.68535409806150542105 0.97148242172218188045 0.21693906295545335798 0.22022444883372642986 0.45191481594325425854 0.11064116583221502522 0.25395734071669845525 0.16888599289257601974
0.83746704470584416879 0.60660140182871716876 0.68449242982219219545 0.60915588674128420002 0.64946605696245665763 0.034874525110841916886 0.82161868298787726336 0.46397649433458197773 0.85142055601884644923 0.65133476206262249481 0.72131509530275944727 0.26992323229621854804 0.53594222811460377672 0.7143281910275657357 0.089936475299900330471 0.0102148541420051071 0.2560953747115496576 0.43961786275169968213 0.039372512550452761523 0.58584189342531341855
0.63810555736223511353 0.63700154853674186987 0.15839020899403950321 0.29151858088771696978 0.58483582785173557572 0.69622433144824461817 0.7546348435828933069 0.32303932088718160436 0.92943328439903024756 0.19888338442206285518 0.60092566075404223457 0.81128088099969104037 0.88054689459633900017 0.065657723882590636781 0.87059716705699947449 0.75186012327406787065 0.33222703154422140103 0.79084439137967771794 0.25166927976225822433 0.56022633751567083211
0.97909523960859342815 0.12792539958111134586 0.93161324431827790724 0.44490011399955168111 0.93035763622783211493 0.49237715616164808193 0.89425597703089216911 0.32360046263607855215 0.0033498986748948510216 0.031570840840978614029 0.85341212689319696311 0.63948854658977408887 0.039267551746946048673 0.35821060593401806994 0.11745244454552648041 0.81234678597192873937 0.45607358387745034335 0.83956654301346225744 0.96758740460986721092 0.17443178924948197237
