10
0.12414045169955433538 0.95833345481976141224 0.31152737094604768394 0.10727328971288262345 0.46876011411400948862 0.38864218635947994125 0.5285834048662970086 0.5510327984808977147 0.16779281820501798641 0.32674741509471435873 0.51493722893380819747 0.77362884679882157758 0.13067376443870637633 0.21176096557974307153 0.73321002399268293262 0.6202888527608830633 0.90070258993714439932 0.10380904108935814936 0.20764157644267221639 0.63614491981995194552
0.33154871138307769279 0.3292421315533837989 0.025694128612799008366 0.6538312718954822115 0.28228376583177248549 0.35777771574760348434 0.47310962478789341071 0.97289975405374425332 0.89208295174255378265 0.61405283521116899232 0.27920339967044194654 0.58190672798372092712 0.70105457354820948512 0.041409444432777160359 0.93283438097545660867 0.95528522149461328114 0.24511295105955092807 0.40838851484082556141 0.018836763182764259639 0.98789156059698873986
0.49116993055597229112 0.48725233436789161631 0.29159303909719337054 0.082259778551196126859 0.37934449772259082133 0.16208271976728275729 0.48472823188197492627 0.49512563880334036371 0.15620647321893004839 0.043032338732876393309 0.16899044136575018147 0.59984566830157574419 0.73333993122667225176 0.60932061057336754195 0.85015489604588785822 0.33997846857638717506 0.38204759927265040154 0.58822807632869128698 0.99045933397705766897 0.43494112760826500312
0.69140858440877620694 0.8345593629698799023 0.29005528686223690943 0.21255710848470188098 0.95278529899060375555 0.86332165121451607642 0.49589199667129587278 0.95826570684100721351 0.099854617893850189944 0.063154482111713914933 0.95901092113170805604 0.90919237551822224447 0.55833941084928971567 0.63839986630190721773 0.4449639378131184908 0.93202797396201614028 0.69537930754273439025 0.47205953930333101673 0.042297642918040410009 0.32319732349628442226
0.43049181914517789863 0.98029120885323934296 0.84673523774912528309 0.36866038783946651457 0.50120515177361804057 0.85636805824212624985 0.047480140916412310996 0.68530290922520586635 0.17036529076759168732 0.3027007656423129608 0.45814858417801237572 0.35827069981494456867 0.43376848582988126812 0.32538729521894668164 0.1690438478127485274 0.21314618587254322474 0.75040724239087465522 0.7020499661292177403 0.55109656431376564917 0.64102606837971634802
0.112708865929123877 0.92639105471221677051 0.50851753925681150107 0.37763619423095483942 0.95420874077580031199 0.21347457234542443989 0.69908852112557557594 0.68416721116324054092 0.85703289705602335251 0.83879344685359883766 0.65080594650029912268 0.71408140714301989008 0.70280705122988522106 0.56014761384913310476 0.040332542858028466075 0.79592798634896336744 0.68368803571189046357 0.83398438512491835723 0.57870195928734495386 0.46384648592276685327
0.7123480789788061221 0.345090583385106244 0.89668427214585409935 0.72624139972075884956 0.93026236505169192275 0.051633301132493575889 0.7771480615857175937 0.66767274058849925233 2.0150913477402906601e-05 0.71166192539316256474 0.64242726543456657717 0.048282167901869056507 0.0063371525092340788175 0.14581792278016790932 0.29473093308959621002 0.70455867989993517986 0.46874127815077641933 0.93498447995684319008 0.24676242148376039147 0.57177087171620598869
0.025263186352299639307 0.83666025812119986784 0.081228761626741301943 0.24479900092789536357 0.51053484052809253212 0.94266378615141483826 0.84287060424001584042 0.20828222897080373691 0.53030237650885993591 0.64730813978886849472 0.70652652599715916169 0.68261769854742061954 0.48311119520590730981 0.68752792858685799778 0.017814083816274973375 0.96991462442687303357 0.9159371244519293463 0.52275843180995740835 0.8727776949983563371 0.40345481016396264802
0.25223906535715993931 0.20120307357284653694 0.66883460292087788004 0.093910781954001933147 0.97808025028685504764 0.050954933431603028487 0.088013424146325231541 0.93878061790190367957 0.1138274949049990839 0.71863372317912240021 0.61224101682822932414 0.67230230272914979784 0.072447827803405327144 0.85544257774996965344 0.28137720375776685729 0.021463979231077566262 0.98279393777945756635 0.39503691451214604223 0.29045998084620366946 0.40587354238515420065
0.70282505500561256198 0.98555586099334056957 0.12201077026291842656 0.66124371041057503859 0.23907314720942359116 0.7371609828176989725 0.58998670357222140391 0.02219269273676661953 0.45978295914307160797 0.87253061139585512147 0.10993629387294183355 0.50026365711556217418 0.42132695435269561457 0.83764681191195803814 0.53275297245604601669 0.50556432622908563769 0.14655190137409524571 0.56583044104515819019 0.26048945805625815304 0.01569327268764281148
