100
0.022408115154142905839 0.20073758883958072488 0.77378071681213097665 0.035879318311862182884 0.31577141715519174052 0.74007907152337723463 0.83308787342985320454 0.99304939789028082685 0.20690952494892610132 0.055328436398857535803 0.55878637473757842511 0.11713949447972087065 0.32305259509746930656 0.87838750975187086719 0.14653284732395429772 0.84718023087679511312 0.54687330598567838742 0.11257183833370501113 0.75299035658861676856 0.71546006120234480647
0.60366847870544977525 0.13094493655733382189 0.39287066716152742443 0.5181187498690700526 0.86655391023164513741 0.6342408192761598535 0.6601412916386453179 0.92043213210529396443 0.24916263085022864851 0.31799371156627702096 0.64903226013432403898 0.5950061968183820994 0.51574485383644528555 0.11569242149761153427 0.14139793251279296319 0.26508391204309262869 0.5146945796663782064 0.17256932838833907056 0.465569507692148201 0.3834418427163678405
0.16609698872176164057 0.61385834610291256284 0.76103548710562960355 0.34724965728820473469 0.80361019919166573361 0.88019119144958792608 0.64173029587570876159 0.84611106784381368565 0.53469643167337261441 0.76261553404197615803 0.69535121538588929424 0.64558426806878243761 0.39369168512981801223 0.68748961722756724404 0.74298746362641229232 0.57338153833054704927 0.63651666640695199213 0.062554689282186235443 0.59516688091517851606 0.9056444808844052014
0.45320449358419880167 0.64911882873240812236 0.096565833594417227904 0.67920838617284900259 0.68356045414698527303 0.73019567031308196359 0.43189571133228083383 0.53445457543899475118 0.17244601735824550742 0.15800687862684176211 0.71938664839619854611 0.74266390934052180391 0.58643328222985466878 0.37856167599155599973 0.26647090382085202579 0.80013150018682576613 0.41547368714031324247 0.6725278806183029292 0.33477511510271260124 0.85758202066311020015
0.065747348940663148989 0.58440495568429041561 0.25912997145332416886 0.87217155177150131002 0.58579072673182312064 0.4715129736980134983 0.63995840765663504366 0.56577843733450273322 0.98783842188772294453 0.5566956190171211522 0.92872066216723925963 0.28855133355754470286 0.74009943452082992149 0.57583862206465074603 0.50919609829605193589 0.18337261234048102 0.1430110695372295776 0.85400845905521412867 0.44456416317878170286 0.55559178988050117757
0.86669865614930902267 0.37389001493709523932 0.48865326402093174689 0.91107845749243211605 0.94709708149796659318 0.088369361767348579486 0.75573023914001006581 0.88693981228693157632 0.36520983254207305314 0.59632717414374884849 0.3236829955071655996 0.45284562286159039994 0.86777748171323068952 0.74658405660499697594 0.96279653270968377246 0.64272960787334869586 0.26341747214677442942 0.25900428474732133696 0.45479406467588156388 0.68814307185945536793
0.32315643341844040769 0.25183111242539003979 0.53157410081844233145 0.51013856618593060799 0.11953254339799465611 0.68003554619619782353 0.89407628942963640107 0.90433997302419674046 0.54056939288152810124 0.69831906812565103883 0.077687318578158771779 0.77838300550219117091 0.39599589406634658813 0.39111867140314568225 0.45047468106430209073 0.29496765587180082282 0.42765413682717934302 0.83406604479854734384 0.37404768491327261326 0.15888081740263719293
0.2563022369737129034 0.64479291601887925815 0.91951067673119455748 0.79724273569857615396 0.69898715752929084022 0.57279504559930605016 0.54227604649541622428 0.82069881950914698438 0.21333488246950629944 0.054404159368395863298 0.3869063717812792343 0.54222020312842181386 0.33140176586360222468 0.80719322665144546344 0.034578684322251609831 0.64095387645129632298 0.27515347629411019597 0.8721718645000418865 0.74433619316734954337 0.59526965764413880869
0.05436370446087861988 0.86841666809375889181 0.9133044281740845209 0.38630472668164386805 0.65988276318158877251 0.32829643826058669767 0.43995180761221092358 0.60596406702895467438 0.43249178599156381527 0.86049300668903339436 0.28622692699744197402 0.79158359757191870595 0.092264194471817808241 0.24107332264244979344 0.35496107125463395267 0.45922373985759463592 0.17471606414905664764 0.57433817416445860193 0.27011770642172471462 0.12058344116500266152
0.28430786768695693239 0.048261881811811727777 0.54502220989386012968 0.96600764368814300427 0.26004974569033143677 0.28614436170132022006 0.29393583915733830511 0.060376689814035051267 0.68428301646596508445 0.075499999388542424238 0.016950515181991055726 0.84909786983587511234 0.46510495870039226992 0.51300877089537098472 0.18720783852467234344 0.16486169892353474362 0.2398285354658826484 0.13159571045351085383 0.46669231274322760207 0.97272970225029079227
0.043891096034295108794 0.24509814362933892242 0.58267707564543241009 0.69664131737430326079 0.05216272283626666173 0.024628618280257585981 0.71466850900139078552 0.72255130335973082826 0.62671494857204219562 0.59277976450801157083 0.22998602215297458929 0.88502270922569019736 0.46513628842751969679 0.89968202153217659945 0.80203548171220000439 0.28876860658038662125 0.82122588654191174082 0.21941184516259688478 0.9639403942336894804 0.3113954231629708642
0.1062304111980832177 0.77848311547777519689 0.91911138168012732774 0.28340223483920860213 0.05400377914631646943 0.32407593233916163968 0.52787158485136193513 0.44076733313414041349 0.53302951310141219573 0.067543998627746355281 0.54888562469171875966 0.58689400912275430718 0.9264252466393867743 0.49286801599867584463 0.82761283044434314247 0.98227582972472066793 0.33756851604416434015 0.29865309184684881691 0.1866502003633632002 0.28154024479665997458
0.46744775608661220392 0.63952194355642630439 0.70024627103639099703 0.38998849704991225346 0.87906448532730106088 0.88275473301529245598 0.3618456053513694373 0.51258740486069940271 0.21050646647212831034 0.6082464232100154326 0.57695979380762241163 0.52381071045257579483 0.58517326722826776405 0.87088453647495711466 0.10113271346628959104 0.8783391952696088456 0.93615305129529706164 0.43088022830351565379 0.23073414068538765386 0.51786369930693446843
0.64796898336505494672 0.46553273081136425389 0.95062608900710237302 0.99070951312556010583 0.55515451768786654852 0.19035008021074771556 0.89841649569166853463 0.78886739658619783384 0.63405240560854482328 0.087780717022589811608 0.95661356752272518159 0.073349905422140099264 0.11759753315640433092 0.075093037402885527579 0.32801467019952873435 0.78649824645949262898 0.69681926885148191689 0.19311061477070425783 0.76282714958365917273 0.2911794699494148098
0.2431067726739659995 0.0057668797421017880438 0.30316865213922055252 0.20562476931247511658 0.34677316631735796899 0.80075443717500939533 0.63307324770145612374 0.89801140587100109468 0.87357062390193712583 0.22530399590728701804 0.15839813439502521502 0.70505336337330942194 0.60491002034301460862 0.22626711166519665263 0.50939505282106442623 0.83268471194628333938 0.15976547490928324021 0.047537890517847258094 0.071649301962071224861 0.20363023181710589567
0.18684344885889608688 0.89722743297403755925 0.5056541333805563296 0.86562788641209063249 0.25476161150384668937 0.33152328995233877823 0.050254970335256866096 0.53163009412858003354 0.29309779168642973715 0.26779008310565741494 0.46112574634499502532 0.35381953734644072039 0.4814332325203893564 0.58393348202412671989 0.024299064406562650021 0.87595118080589445087 0.89118921730574739859 0.16633529221809856296 0.10816957481228718375 0.3312420772521645554
0.1265104049463177701 0.44316522825148676735 0.12963115846605841166 0.71732593359221613041 0.30990137663138389438 0.54335660141974201121 0.82274803888555484907 0.90107192208706852701 0.81208767849994135544 0.44924794650816568412 0.72701187246320962069 0.72034189717169190103 0.82214064742895565037 0.47388716904049476224 0.44139615387595239088 0.46456200345559609563 0.34270948912828707027 0.36455622956915146639 0.95334416356639922226 0.29524668887566497046
0.27854381474842833676 0.72171486818107652059 0.26234871219657123533 0.8634951027364792734 0.30753906998552935504 0.57754267388403157272 0.55139370946144543615 0.74990263088195124516 0.95591658305265597337 0.93568372943282434294 0.81328777266223351738 0.35429453592717140471 0.42461461111579445067 0.3553933703881082375 0.20700040868111105292 0.22161051436022530502 0.77009757303892499857 0.59502712614162326852 0.25260085701372392503 0.085577784639367409768
0.94636773839240479568 0.93146028010424956146 0.3394986002820315685 0.77452284456691691274 0.71722419058750272268 0.21374141061459550649 0.45250085123499084178 0.17239341999315163688 0.42165506680034822598 0.7556159985014000805 0.56523262517652958183 0.85211721698266650288 0.01430270637586931521 0.44335462251365129346 0.59103208370691261896 0.60362932297110116628 0.66362361011281490792 0.93522644307933042418 0.34001647341954503799 0.50491935924868393227
0.22157598064540709091 0.80758330925244384898 0.87075226040830236998 0.96701368337058764518 0.32603631858045410978 0.36403761176549615165 0.1871801299827298414 0.54190659283200933057 0.75637435564463679176 0.38732076672941783779 0.19747925576692976099 0.10658719773976470593 0.43020200452478889213 0.10063424406842774988 0.20704687118684151785 0.96033300090644926173 0.66387513072801416152 0.55448035426288535432 0.86037213312996363868 0.15963272463265482527
0.19310535963918990047 0.063360619428829488217 0.40576494876462371089 0.23593178851453020249 0.61690693079837133182 0.51439310740493687709 0.33509801625007103139 0.45742565316479875996 0.081089609204456477133 0.85207017982438377243 0.56721882678299723196 0.9329453274335818889 0.59140283091092319128 0.68784288060185051734 0.050200963266949126518 0.90054522424787203117 0.65960963439335217425 0.80476892711459545012 0.55399773988040740654 0.93902334488646707768
0.51137969008952291141 0.79306296744000165215 0.4078311575447547491 0.52659646057384103317 0.069645426781799056831 0.25726104853567517765 0.72634327048658836736 0.8632998492446493733 0.48607595230469722073 0.047157363010561376745 0.43301152170853640232 0.96557797052855246493 0.4128324343620215711 0.73493432521834632648 0.7480550160768074259 0.8345300782031531965 0.64442213089040959947 0.6625857490170767705 0.20044119188509676286 0.48312897723496293868
0.13828537394772571947 0.36159537469763120091 0.69216244463689142807 0.66311282652002757313 0.035561522295869037527 0.24731846303632601017 0.63382209321498299287 0.95470479480214409776 0.81983295350012786199 0.83743388678763150922 0.12691644323913372301 0.32322337272875494626 0.40111453571456730211 0.10288380256568633138 0.50664982582137952868 0.77519146085950452446 0.93685236362114527307 0.38915369851326000024 0.9378039904507378699 0.31333163493733143251
0.47637158374869172518 0.068089769589578069491 0.22703274803681100215 0.82850869962151851595 0.16913395429600152075 0.04087872032734253373 0.015942021223755667653 0.71753728451721740072 0.33984926744745493332 0.096422508128754041425 0.93530079417625590972 0.62959619774504761442 0.91045908108446169609 0.810407656573494316 0.32519887532096611391 0.3346753944205175287 0.07357610828304547067 0.88576228196288640939 0.74411569270050515487 0.28145502701210059661
0.87083924803582392598 0.78887114347122154533 0.8547193551810062919 0.083074271985376054231 0.47236485455706707912 0.49352317330592040295 0.97458306921965797906 0.89973066161334802637 0.078716117726581984627 0.97463506969279201548 0.93035597264427096539 0.28054248403242062001 0.92926476694042285144 0.88332815755076659421 0.13846414035305361562 0.83462453606741141666 0.78305473124790119026 0.12935102966542177472 0.18644773228162760505 0.45087957475809885461
0.67395253805963221261 0.58324629116779708963 0.73085115595472162781 0.40536589122219471711 0.69939505972878674903 0.68131354166397226774 0.70392895965784514807 0.95723932790857844358 0.5893534031494427812 0.15388715809616506747 0.023483373924183189761 0.42538097304859618432 0.064193317044496085429 0.46897165002794081562 0.45369902233972857154 0.93792559904508922725 0.96688849477926668577 0.17855177926617864633 0.83295550996966805644 0.9698137436458244444
0.915357029300067595 0.40816032053684131941 0.25852567964771073036 0.83377676113465682285 0.073906658422379899035 0.6923124059162697683 0.69910173307239448074 0.41058988640229994682 0.42094716937895496707 0.8031188096648804265 0.225671164537008171 0.048660787903383668866 0.63762006084053285317 0.36660296396257981822 0.95303751584977033077 0.7173943336856518197 0.9616395508038492541 0.54200579968008798031 0.90361507985690176051 0.52360336272897690447
0.54025753114741220835 0.43060592719786084292 0.75798730105813617684 0.88649982417266044374 0.47237237793622948535 0.28634078972743822611 0.072331385917760945901 0.83661406391645693501 0.96736525224226798097 0.74027939260931511757 0.48452055416653404604 0.43951756206739820375 0.93476641037882983812 0.42594121683103122375 0.3085276394975364785 0.83124905181861748665 0.64241415914330540971 0.75898535132758794449 0.18491762303147974642 0.5415714746279064146
0.38715452250337802894 0.55513148024683194205 0.65030817224915861603 0.70867506353975066386 0.11795166718177166234 0.80047868785742395752 0.12354328208444481689 0.095514193973506808586 0.22536521170745544174 0.74467117931913538205 0.29749810523736956193 0.24730232530373132908 0.23382121136888896689 0.7202600871124678784 0.85025014231395416034 0.56984241712436259174 0.40808408356478244875 0.93725818131515388189 0.50532692381978741987 0.78681999435659617098
0.17941676841998577052 0.70178548193446959089 0.2465798467365532395 0.54363026375489148235 0.84873701233475391163 0.49103102276703754957 0.22226615052616174954 0.82299777906392133822 0.12246035304422167589 0.86444531035996325318 0.91912825930038597784 0.59178055648225194032 0.79875873564553485852 0.95380607597745995755 0.21615607138766289124 0.1070949043498811181 0.69660693957779739038 0.75321088545273479699 0.42533702493093096531 0.39765266074749503063
0.39773911078970654878 0.25504354572339199455 0.28224060722175327629 0.79294981497037811115 0.67378675331195574458 0.74502383992036076959 0.97194411388994214894 0.58752133852409247109 0.65003445656677507123 0.20171629759436848734 0.029951490525011541341 0.80187329168463576369 0.82750870679338520196 0.60870520744676022336 0.3715403640942278753 0.043835783775786481677 0.87159997963634607389 0.41778538485956906353 0.57833924832751362836 0.20282383393431120233
0.7633809642769706076 0.52143990671742959837 0.17166060297946655259 0.47004291382705364191 0.44702747015698623089 0.91021795149090335437 0.47941432710684679229 0.83314053261762892149 0.063572070691786790179 0.61953800694196976693 0.98755481526832647492 0.3631307488851133576 0.96684022475429932302 0.36663447237016843518 0.023325523819815954568 0.74837638135993325597 0.79663477059203644356 0.82328543812317341261 0.83693152169559656043 0.66929361219053523787
0.6613239294148249916 0.42277640241889697184 0.083767138462622937455 0.46630955995903185007 0.83694726510195093736 0.4514829294774964494 0.83064397632660332547 0.63207731148645279843 0.49305174434192032583 0.17471869795533382589 0.82456726439692009094 0.96013082504635924308 0.035302251772255187681 0.51342892771178575009 0.89091783429966916205 0.68474951714787551417 0.017795604396092127057 0.52525763795286341967 0.26686617248991101309 0.013088012223889458131
0.50559413689763257313 0.58216422802860379578 0.29796115240082260038 0.02897247754189517029 0.57872048382609072182 0.72169875032282955907 0.88799181785314566291 0.79437445814605756847 0.91026133453419482414 0.73582875690929425784 0.36575488181665556322 0.12652090548092153412 0.037966947439318237409 0.54589955879160705895 0.70310252756510671732 0.20729503115380351586 0.88716281294546326335 0.1416256334556445141 0.10747649846667551199 0.19463374626995087264
0.28883611442742827455 0.82563705444673211718 0.16337701061822111653 0.50516232503966663423 0.93153495346416632423 0.57122963081983309187 0.3749956562117520333 0.66719020181489424495 0.79498191509687431003 0.90623552602660213657 0.70535970855933683078 0.079667280256744002292 0.96337381871089340771 0.045377945303244735409 0.8136534476747783906 0.57200451059008647608 0.5920074173301872903 0.70458352740273161367 0.21838877042345730228 0.58979472075197699154
0.59781399860062549138 0.43242741809382881401 0.19596251468913056113 0.41376604046589129585 0.8336286903130623079 0.68491550220353302419 0.46629891841750556377 0.15928629707523990841 0.95702186179218473746 0.51679154476953501394 0.30694110564959735453 0.79832780219132466797 0.71635827531336947167 0.18219074951883630658 0.24957933761154874058 0.74430230865625958392 0.4331249768565231647 0.16420087392668715671 0.3665362908852852345 0.25590726194234973874
0.32233319400372709986 0.75356189217452354507 0.27840989511106134182 0.71215056739179984205 0.37365934718053580302 0.42195189856735994326 0.584308594476208629 0.88625514613932583857 0.11562751234658057468 0.10582147294760710674 0.60761070547197581506 0.7526183513013835751 0.46035078231997933549 0.76900651657791911598 0.39434375042417193976 0.57367263163520056178 0.089296599874437787743 0.34108182151865853294 0.10872108575135596537 0.59455173099911058632
0.77135000396542466355 0.92106502489073431729 0.33400797940916752157 0.57634830761814171091 0.26664358714917274615 0.15823273555064919059 0.039556451770210688049 0.47600245698614424407 0.27865311996119882724 0.26003621032518555101 0.77269889461210167203 0.56706286774396167397 0.93256687081070017796 0.18872337292085430017 0.061347458957784304669 0.30750347542939693627 0.11883931308720331458 0.4256975161308457647 0.28081685059834482298 0.45911049817045668329
0.44842413848030063337 0.76312627212729426516 0.80923008992464804187 0.71344158727515221823 0.1833725680654712506 0.54768541560004204972 0.26776814342278191253 0.54931203776086643954 0.36110432423279191787 0.61309964965175552652 0.78858897697476622979 0.31268911435920227588 0.8866587804232075526 0.37790026099265969494 0.99296172823314977316 0.78311934876434026865 0.66370964681202777776 0.74430066279924273409 0.27368208650383955388 0.88813903946837782468
0.90466304477361717337 0.42932924364734084872 0.59034888329619685253 0.61533993859605636538 0.66243958873264896975 0.9407833109638539912 0.19346598666686271208 0.91199458176093441505 0.66923307710870967065 0.90747379651230469246 0.25314118938960249926 0.22951766315567089324 0.45191201112527209669 0.95213181154763275218 0.50300927974271022759 0.34415748699567284428 0.55258514540227876707 0.083911083929064170456 0.95607755641026040595 0.8619475217860015035
0.86153853863066868254 0.46425293002419667414 0.98029497546373828444 0.93811442823053861536 0.97260423704938622698 0.99777138023445195557 0.30404216706751327075 0.6222733822355494421 0.52007812984220212066 0.92514641345040382836 0.84439783171143792135 0.53445135311191598374 0.30410444563966867814 0.57210019591903186695 0.1925067286613763994 0.0085757289360859018448 0.47274585877338716347 0.83373048601090554537 0.57186453234341412608 0.16859876216201727622
0.82118949199492738693 0.85245711057050072907 0.31957075699364568004 0.2424151329007808057 0.203348248246909937 0.71667272391622709573 0.036259751330437134148 0.88800326491428901787 0.65721378919610726915 0.06894695806095416915 0.83236113847169094772 0.16671337608490631194 0.99929777734159624285 0.17238569337121094165 0.30960541260265535523 0.38519302182566753827 0.56580219253903293126 0.4886426447596398962 0.38326760777955498811 0.34882909538927949378
0.69960126953944302974 0.46571590661872196799 0.099536634602115843268 0.81171143532178209915 0.95657240732171403425 0.3822264295901637038 0.84420614437668592953 0.7681192942964967618 0.6831694174125993933 0.74454707138870371904 0.1792787476463410721 0.35209422810608578455 0.70347185739259427117 0.6077947900687121836 0.47647408714841620059 0.37313905469199892047 0.8846928952165694723 0.91628206933327695964 0.86631516555705976841 0.49508002376252461911
0.80998369532151659488 0.99151281563417093678 0.020240772190688923772 0.94812355483335800029 0.17240604426526648092 0.92787141284754043709 0.29653851327082437242 0.75800057842792908106 0.71975242175819830875 0.56884118281641904652 0.5622759406480549327 0.72177573378158774994 0.41169562500561170999 0.4572645773503923773 0.20960516387232897885 0.63500049705885233843 0.62351580077501736162 0.16114453555221030373 0.86006191968157891264 0.59007391505876697767
0.61909220502758664182 0.95126915941619629401 0.53175847699344129852 0.49133720137057316536 0.049589834459002004165 0.43160802764192234985 0.6712390439074803539 0.61326547685655041612 0.016886579563000880702 0.09042465612356239622 0.38301075543666679446 0.76647213332267950629 0.62933769368197932674 0.51074700027296482879 0.43744589178846688174 0.71025467660850255677 0.033610789042908225223 0.72468595365344921824 0.49688750491228076984 0.89385885223503190616
0.64377171006394086182 0.31060576553785658764 0.26490630411034868255 0.26665420437278511482 0.87191505514178561107 0.28669822831649792677 0.89855691671186577706 0.48857475258872289033 0.81069113328448940049 0.36540683177036899074 0.24302485109137247655 0.98033145616259446015 0.88249959012784565229 0.46806359214091794029 0.66436623607636110308 0.99621506186273101817 0.10230769397337980412 0.94622542713963624593 0.32930954703243103999 0.88349111803612410173
0.30009789001516854888 0.75649616141684184969 0.92162656794703956819 0.01307055398867770546 0.72987677191785316352 0.023101091946010599476 0.80035299782459626267 0.4752868134143580909 0.34760179341276553703 0.17036428696010957927 0.081415417238823808348 0.74063865223559530724 0.96051239861872637638 0.84040667811962491162 0.25820620933299223259 0.30704561232451746324 0.17018721654792550655 0.26231740896269272763 0.54981870909268808505 0.1999904247846265177
0.73274686368851310418 0.63711649195738813937 0.24710777972087917358 0.0063662486218184759657 0.43208471874718063215 0.27812164186028250762 0.43973627659832941546 0.86662217234712466042 0.023628287818119865895 0.62816755447044699109 0.44921034381893102262 0.61578192345033270447 0.41831027997916117188 0.10828828297375755856 0.63941756566238092883 0.16787970570170168065 0.56638749922829405081 0.70372603330181059838 0.13748271021650522065 0.55736709565952559777
0.56067637369457482032 0.7278298725047051227 0.80478559128777500849 0.23257846909312550413 0.64698070169802128482 0.55067587449241711754 0.61019615061121473733 0.98447814171327882897 0.077483959697934338344 0.83756948990287979071 0.81925938576486133277 0.39868500429837668681 0.31189875410549752787 0.51796487147686954265 0.80206677899001088894 0.017622836361878632975 0.21477329260262725271 0.1435323796492043703 0.75924806807461773714 0.87805444777189991525
0.4835141599192027307 0.26586837701103812806 0.31451216178986423651 0.77265926822106413183 0.49572827480303169171 0.23861032675129723138 0.39709859007638401385 0.75048165841507925215 0.53651600795231819485 0.59289828187310632983 0.99288533458736183288 0.67387856005214252645 0.25055246289501175068 0.21063934016970702555 0.73038058280288343886 0.13694050672315764768 0.61984891172319955425 0.38272762006435949 0.32178784124231930451 0.26438392946908928981
0.68050654061774492438 0.41970550742028798412 0.79518155610010106887 0.44347008555339789454 0.68714317253819694913 0.091159222930191249207 0.22109877152609028948 0.53529588517352764851 0.35364517556534423093 0.92455321395147962597 0.23896471605390196295 0.35577344048095007673 0.8713638533856888327 0.0058052380093920212859 0.58162262774505605283 0.64395016301329913963 0.78603739721596066101 0.48897606894635277852 0.80395516675920335978 0.80366313562174924816
0.55227960551622659526 0.14700423304175508956 0.54361163068961910008 0.66226803038750076266 0.10368274365382131117 0.57405683393919545532 0.46962655603124400295 0.31918072229127228195 0.66953957435235096336 0.061485504163187036815 0.15278012357087065255 0.2835565992840904687 0.96023120032828365342 0.600556212869297229 0.51488335755452489546 0.99549904281162720712 0.066834928987846696849 0.88267306783639556223 0.98266385299819878008 0.67834722221373106407
0.48491724515859075545 0.29530268090112441002 0.83644172708708969971 0.87118932620759137095 0.010336651585185323353 0.12835525701923291918 0.40174599301279715881 0.91067501613708198334 0.97976819858695802026 0.69567812383598310732 0.10075187869466103297 0.85016005903042042325 0.77954837571841150448 0.13389570935896319805 0.64310405793628814755 0.93555812375379708036 0.52631413864038016713 0.30649622467346624631 0.6264407562665868739 0.52681478007262109179
0.43205837703957599176 0.55892872963238932629 0.31315264691216845519 0.81512930760688504319 0.49395033035040757417 0.29481744184431191754 0.45511071057518885148 0.54949059286080572105 0.1020160218431886925 0.56978230858103475376 0.53641853463811490447 0.51730351122093220866 0.41517691874896822717 0.88558288595311403495 0.61798549811929948296 0.81838188007581857085 0.07245950328501509787 0.79899425326600716322 0.64331891592142203097 0.25991273095856584391
0.5445062517394679047 0.57788681549932658716 0.31175994070635851247 0.82967344846552122293 0.81004574275995501676 0.26136898054285933023 0.049645610988413614367 0.79898453904671412715 0.19693694622590960432 0.914816618455565507 0.0063885789228036492043 0.19674776942324346786 0.80721623166554237294 0.39505934267284963107 0.7477426588716536756 0.38331863705244992058 0.3796745343015074601 0.50895466002486337023 0.98792401302053790894 0.55979505902740197925
0.28381524814078489476 0.54055071123827455734 0.038902884145762207956 0.21116672667561204208 0.61035369754330158184 0.85225590940675561197 0.50684457487395154159 0.097814082721736095099 0.027200716561777035644 0.4396768898190484546 0.99751313462313406284 0.77642777506881757954 0.11790709942443891486 0.46118292684361949629 0.5960553218742034093 0.58373272413626508506 0.72071130794689542841 0.99725465108851556818 0.7286222095965026344 0.47138166170101292288
0.33975948441770849676 0.6981660663131495436 0.86401670152730052088 0.15634458655230755979 0.39722925411580245708 0.88711472886316559359 0.57470911927431498885 0.59019160106632168478 0.49412410895598768689 0.34332384964362537078 0.16711951259386902607 0.71971070379584965656 0.54340719308440623737 0.86171450298856498945 0.1208010923416335808 0.39917197103089069397 0.99738709754830000325 0.3472413000753877604 0.20730247182932117406 0.25622714247106372223
0.45272443440630790861 0.41874182472841873321 0.55544062244779588105 0.10322835006709640821 0.60250500986634471706 0.79970051065478745927 0.35429844907355766826 0.041859634180972471115 0.65269759600539554951 0.21909051463916293361 0.8119220866486412896 0.66311458378335457663 0.42522377438838138857 0.092432305994262387082 0.82515875597503761483 0.79463999500475938421 0.71738308687040993646 0.99353560115176593959 0.6268064185564422007 0.96040624615405903539
0.33064167260876576443 0.84795244482683199014 0.67132693329210752506 0.097590483257943502228 0.92990657409010332745 0.34737862615461814628 0.40498625725241507148 0.91126815983542500262 0.1540766624757548025 0.088786592913837083488 0.49852991095427685349 0.5287800023722648819 0.21393232075434206324 0.53544766002753209951 0.8940423981058550465 0.97705899547512454692 0.69902527119939033976 0.85418584931501157024 0.52912628630508836607 0.21610089765297277483
0.43303126055630284118 0.97503167812011474683 0.21097107482950024483 0.35982178368518363771 0.35736487903693578622 0.47947541692301976461 0.64862687764638806494 0.51684898853485009067 0.14858057925601583874 0.66603095576645114271 0.22366578102580702078 0.5018566255480875417 0.68703381370268702379 0.036556830153929075931 0.93286955704462043708 0.032167127171767117026 0.79602541666529340976 0.84582163543414370813 0.91768450930026470897 0.82400407496899102672
0.91919806563494513442 0.57816557801022682599 0.16339709995300611458 0.42313616153221326056 0.61375638319480634329 0.2865037691726146392 0.3069496355500621218 0.70354639201067437749 0.7275548929783428131 0.96856999475320798939 0.85487400298595811688 0.74085724661520015774 0.43634420853991989769 0.27322271082725588915 0.099124978516802982932 0.23722652942662534009 0.65125305744204606766 0.30512393509201451286 0.85616571551148808482 0.93526814057547990526
0.77559697126797179015 0.5542766324592996318 0.45895673276313675844 0.61766322482457888284 0.87791703635562060064 0.60864898362672320743 0.087453411611074053332 0.40074948564128153294 0.47132795865661344703 0.8167999858057777769 0.91829752002702270903 0.86181190613427225322 0.56365126011155299772 0.074246087377257430698 0.97183030188110679036 0.40744565591504793673 0.94224687148489626778 0.63600850651466109655 0.22294319322302456269 0.62048583465814233787
0.98229943641469140458 0.89699877013986477103 0.83847291192151499159 0.50843171627079663806 0.38274083738437417385 0.93135652069050702581 0.63911776221754839348 0.53755763681822965524 0.70924650772589019847 0.97597208151659109693 0.40512287301797132407 0.21134807886735835542 0.92676892395972955933 0.052474599304269889204 0.73833697500128466575 0.12952260564430949645 0.75249967942517532505 0.42893954267207547507 0.5286670905621542801 0.4253896595548617961
0.80897409048755795403 0.56513079415101587742 0.55293145266291334004 0.22551665467035355027 0.7755700954620133721 0.768886330112661246 0.3769965655098447619 0.42883794870216476199 0.27036146982473347182 0.089048946317304610942 0.13488534025829397231 0.9302135839867452666 0.77835483339774181829 0.96980798092695027021 0.65499720318383160853 0.33364124803617732136 0.19026580360364437993 0.37755880594890325517 0.50212724529026461805 0.061612794775122321767
0.98531020976801833908 0.22795883974727087123 0.47368906493684403752 0.87978582094034535837 0.98124317008394805147 0.59633088532859498178 0.23102265389504363129 0.28494920621139386023 0.37363154324769211806 0.51062377128413057904 0.73914883046613338857 0.60354789494574717255 0.093864316870816016133 0.54195428114706516507 0.20481810290239652273 0.44649783192498226784 0.30833007362960745994 0.93604341957101366064 0.74135271080672923179 0.22301187056811468617
0.87442628100465921416 0.44336751224703001067 0.71317293183618516345 0.86614418018629979853 0.22728630802538450482 0.87669014178525897399 0.77493358352947325956 0.78317384309922920911 0.19529758862057378571 0.47776189568312946068 0.5051505880352390698 0.60835066422560186186 0.32553619156258651658 0.65380045591289858131 0.27098078576188907842 0.22472873815699564027 0.89565663256051297015 0.53996585752059714176 0.55394925615886385676 0.55150783438625424225
0.15405510295517233334 0.83010156125289624051 0.64265651611779283286 0.41552766659429861738 0.48790462461145269108 0.76094300097088195397 0.38927406023530255124 0.26053534539148992272 0.3002716921449040512 0.99907521262029715944 0.84882500538315999245 0.91883336743342394325 0.94577717813560350802 0.63531090204514957488 0.65890855640746139369 0.38477523770690996263 0.056864674073284855163 0.043482699356921536307 0.47092015314194931674 0.8118900179805310888
0.28463535153563004367 0.07620494601282772751 0.1224973185891815852 0.091135657093919978202 0.38162851429712742375 0.65135682828450985156 0.40043565902241229961 0.31831261369237700984 0.094134733307629696081 0.38975912805149826273 0.4581880036251309572 0.051939073219413858763 0.96668865076677676655 0.20122235958516068624 0.94123403329716279117 0.063939518738370581565 0.11464551735055410328 0.59101200735937831337 0.69638704177558394617 0.34045470548610340795
0.16588403640275500958 0.13227477400401501675 0.0023744369392479133373 0.048330782957807425469 0.70313007034982515065 0.66906787330048860364 0.19804985861966758478 0.89063470360911339244 0.075033126462351765174 0.43752209351995563995 0.35822174580190421951 0.81000060983254714548 0.82925538108940147219 0.96634032740279338287 0.069374782038586431431 0.14063638310691078861 0.17685388250446648639 0.77104435887765815827 0.98250607575753928248 0.57041183806475530385
0.149255179990596486 0.62979006062712622569 0.92125096170217577563 0.3629681316122426303 0.67575976472697797925 0.77237786453313772214 0.034622491135657728408 0.88817859941435871194 0.62482032304800388082 0.35155717286043514227 0.23413184803830361727 0.82495525936239163221 0.38259638152234710305 0.89799857165798467774 0.31438776008329935818 0.46008052225406611879 0.59714263526671247136 0.12176159320490956528 0.7949465730880588428 0.31160590541435236864
0.59521895890160385253 0.015924306590094289781 0.42364117758318861422 0.12509721653854087104 0.20130383899889679446 0.034419082108902652344 0.81822084020801676949 0.22136839155328932963 0.9258037368254525022 0.035172408072862844125 0.45199695890651401132 0.49429636185153727723 0.82665709927907155767 0.24849315175188169027 0.00010990741456403903872 0.36824871666597007431 0.95041968319315140042 0.186038737854322911 0.89193375869702456842 0.42482477111466275039
0.57627305699680758601 0.031142780505517892093 0.82181737531431949272 0.051807782821654891671 0.64815527737698185252 0.62243896603208207765 0.33076129761410579373 0.54173616252996367569 0.57368094869952225448 0.43771903130336108014 0.92616329063009097077 0.58604536756458557522 0.53196193357371946168 0.58066174575890314288 0.86937238252745749285 0.4303332442495618656 0.5267598641363126592 0.037780416605239748552 0.10859884456666501156 0.8284991641566018494
0.78277708601077288224 0.97769988228328894405 0.59378939079789989821 0.9612932159301065946 0.82476208428487653265 0.19023923336329076129 0.90343177916987324775 0.60793497305260429492 0.83904988708602707212 0.73541645827983206224 0.16076468964154888076 0.66548474252861784762 0.74452355400402705159 0.42712338125244193768 0.35571584682557301016 0.28080754357788371788 0.56038459181598913503 0.87600362424848056788 0.21817506796939987969 0.41399868446259532412
0.97853494362799458775 0.56843382231237477985 0.42579125064052423448 0.81095590089530273709 0.88251789474451113233 0.1968276561976573462 0.83657342751287463084 0.096896739336460089458 0.99142882370654108679 0.39406565948718035242 0.38624942811459717952 0.84951705024442622304 0.30741413613200207751 0.87807076460230947288 0.31309382946674975683 0.2061193189274454446 0.37333291488210404376 0.91637862807927708927 0.39780782633201676538 0.95421097195469592158
0.55222810871401661198 0.019489105193971908959 0.87073070989371870187 0.92072479762538562043 0.24976375225449554113 0.062028806794644147492 0.17577470758972315353 0.82889578434931701894 0.17157259162778385587 0.90887103147936983897 0.069395446536034716351 0.57601542101471232127 0.16217643487508683021 0.92910383467678796585 0.43549084521853324831 0.6334942015180389441 0.5915987547197308756 0.81869135260796730937 0.77216658845445549985 0.31855095851488127802
0.61208652489378279266 0.4231760167637317019 0.66454159044592034486 0.78629832928520293717 0.87731979006692398075 0.41646326103756287491 0.76342301256754926172 0.73523152130182372683 0.95196923126621973391 0.73080908436436291573 0.82357462002846870241 0.28264037267879955418 0.77780506010357519089 0.49787744332917892981 0.7835872600536459789 0.44297790558262487492 0.48102216769460812921 0.74621285620932483146 0.27442547719669701779 0.78385140396996423064
0.48927173651832990336 0.39051693900609451258 0.85255667292333352523 0.11758680208071606353 0.37023927464568030896 0.81428873685540091002 0.88150237926827391656 0.8423785320979137224 0.064492723193135270319 0.53758964756241133979 0.33003165325046123261 0.74479771382851744606 0.49051275924803688954 0.59881528630015078634 0.79754037522978645148 0.43852036048593320887 0.84894113287657069558 0.91284537599299108546 0.22521013685586214684 0.30971366657096282524
0.38054643913141718384 0.67644369882884986629 0.39904805277363843824 0.57040026630739088377 0.27659816038779404029 0.090431306981077311713 0.48441796915245213248 0.74508317247922807591 0.19922644701731010336 0.12347763041745795325 0.98815531755020228987 0.70793008379792748887 0.97627339209668537645 0.11369718546231747281 0.88938604783179260154 0.39201810491589512227 0.23454175113861352699 0.8614802494434704927 0.43149089214503934925 0.74893183208908076622
0.34953489234329595305 0.76316564237299645731 0.15070359278686828292 0.50463641038764177896 0.76280257162487389124 0.93629093404792700599 0.72456378179054065097 0.93891771912277732819 0.25296569774568538008 0.97714140854726735578 0.20435517744770580775 0.14110334024724377347 0.5400118569110496578 0.47776385469355846816 0.90457061254655465361 0.80723630187066722815 0.46359531843775898357 0.87222294559438942802 0.33120563686903223326 0.53292167095014463489
0.67782147825516538898 0.96910325542010231683 0.32008343117067027762 0.89801494991415617224 0.95104218608200673219 0.1175422743371215944 0.94136730622750270942 0.14336963460893821086 0.96531245201772131469 0.052447918101555502453 0.59372326343928203248 0.22349734632383551596 0.13116582707864840292 0.0087785634696550626397 0.90179740756242414532 0.73397946366840043222 0.14176120557414349771 0.66488015136646107272 0.22695860294538643852 0.15308640386641335433
0.31676673846993485596 0.91794816024263396704 0.44187431636071183415 0.66823293363459012223 0.85346764505826668587 0.58149692764157212723 0.43812369388608316033 0.63285047559748159836 0.6228192943694937369 0.73017130680689668087 0.20010111271425439216 0.17507124206555841294 0.091784380962742621293 0.3634985067085872468 0.9089731305631956476 0.86515745506546177027 0.25668176384188031526 0.70875138212375519671 0.22502635277855047606 0.11781330395667787215
0.87020426598108095148 0.93018559486735904145 0.67417266690277236372 0.71369049866623230326 0.4198290302286851675 0.96087746882042658739 0.96647071025722855789 0.59053729295894108697 0.56335032906319614692 0.77722367513476404473 0.078191672682741948576 0.46747413623455177153 0.04188710666762565112 0.033633809110898288083 0.94752306265658141609 0.1977445023395654902 0.77223906173402106416 0.73294425357730172107 0.88039987483271624902 0.47425901743595039493
0.58436081367848089185 0.6972673828730109828 0.74811639098200545186 0.42379903156018110841 0.87396037571267303526 0.90941686305381706708 0.045867980449215033101 0.12559008495859136454 0.37405655180038375113 0.33051969138946947149 0.13521043541583089496 0.50521395397744113114 0.64663029316932211686 0.76249720219294864735 0.70780837882078030177 0.69093569832093328353 0.91990620032030193131 0.79881403651869630677 0.70361101241305043047 0.32892681654074179803
0.78922367500388419744 0.95864877557680832775 0.77894154802062118536 0.28549877738107628324 0.25920528521697754081 0.83532052801991245133 0.63459200447673441134 0.95454553870827368753 0.97744587543931943846 0.36210639147241426564 0.28206687757315176946 0.59220508054193146148 0.0298560328294153616 0.66063296540929979892 0.084778911625796307661 0.5138732369915380743 0.2091600955164570009 0.97606274208167973465 0.85696436878627310814 0.26282141128434874199
0.036904358453201248022 0.47920216690382593211 0.53995483103733178285 0.91035541243987350965 0.5898625433419765363 0.70396529416692461817 0.17957309111245870967 0.45026932432803800705 0.14944981461268997899 0.72159990817519548519 0.30355826921692152006 0.04374562730019803037 0.72749158332617929422 0.047129214386274398429 0.33836638714145577224 0.20518874646529015865 0.86007993230469729015 0.022654086194324313892 0.26581604347531042482 0.66497789245147704141
0.78254403398023505468 0.79446633502456225919 0.087910444700030958894 0.47834778921892898455 0.77071489322174296081 0.20343595148581153907 0.083516706824470920479 0.3229092952459646119 0.27385287894714680125 0.25667397288865812606 0.40054588209302180251 0.045445439941283126927 0.14414307472441972852 0.36796818597182713291 0.013216762958092460249 0.66966215760966782297 0.29727691348002441242 0.79608189739205171127 0.019092576867330407573 0.19296111070538814604
0.13485179528897105867 0.39380095042666016469 0.44582663853198316301 0.71468501435896699271 0.26497408567988152628 0.70269956560283799936 0.72273146562003196246 0.14358255077821453793 0.53031029036344265232 0.83017127228166144273 0.32550358153993395633 0.84262436191868603621 0.66314725860045078742 0.0012910221264923390778 0.84796190681853852783 0.50335016892452549858 0.10505926828345269901 0.079427790428848882905 0.76436996664274187992 0.47056428990522397284
0.61479270115278561573 0.8283778793210081843 0.38808102836839314549 0.6593924872051911525 0.50490256541993553801 0.93481524453432978945 0.79427577995726071413 0.24597667661011607751 0.059556401291680792877 0.025277177134447317115 0.94844043208571443489 0.66597378832241248893 0.64790340095649403022 0.60716152225300675264 0.30198834026201109958 0.44386896284739103845 0.84956310818450066631 0.65575624027064137027 0.21954563425489991506 0.66177695842757814981
0.25973461342578478588 0.26286052905446445616 0.17662605007240267743 0.88512595133339287776 0.086275129006895519301 0.55676231846546421234 0.71133609818845738968 0.45327014317065977345 0.13797522990303984317 0.67609691886486120963 0.064975370023978794222 0.27619433160837184553 0.16280059528387009213 0.086906438428969957184 0.19360827076031069462 0.65728239382895027999 0.54337956366133056995 0.62708037206974109976 0.38131211296589911464 0.67516757715668510406
0.10659869702810704438 0.33767541643717568074 0.86078552063463457911 0.18933175420069555967 0.76299282244497414386 0.85355075345889556678 0.37700146205677892262 0.31213771428964661505 0.009614651514773952406 0.4380734925472281211 0.70685154698955124023 0.2402957672589225632 0.66041541308220556649 0.49240972965878675275 0.36248479245227309685 0.37032501049777069341 0.96037602277879392722 0.53202560278168604577 0.48093377863831439714 0.90724094905329736303
0.11977537784100734074 0.22533237530918798962 0.017634989726554237729 0.86445797429837721137 0.086522356686793510327 0.81864997149983416934 0.41768549441787342113 0.36877885770877683372 0.51645318040604989523 0.06032068916316501967 0.31645827732129382532 0.36709831536290205684 0.010204339908908850569 0.099427207819238384357 0.57025951492698434851 0.70909754639533221083 0.80240969682834536005 0.13041549541922242716 0.53991532297982481594 0.59572491328400460365
0.79404154833793042623 0.84551091085743690536 0.34259109311841035484 0.091680442538244212179 0.14902581905219527405 0.42100338339338070525 0.64756697659059541192 0.69140097859692678327 0.067913157731436625444 0.949555385544939193 0.65552055336466619694 0.92431827286401661853 0.95949441272346162174 0.82626614086471462277 0.26401420173677198088 0.39188247460117824208 0.67141289664159073625 0.71669286296585330199 0.59820499050305651542 0.31494983826439810489
0.73064670368829472846 0.16354266599422405599 0.751259285360971898 0.92092778697489721717 0.57470684879761959967 0.64142100600266843978 0.53768789145185692845 0.7982433010253969623 0.079869998664900836692 0.66432695352527462745 0.72606743116115543253 0.84474180082645173499 0.060189313793434017961 0.31674710110036880716 0.60199071407261688598 0.5420377503937803862 0.65924239285345729271 0.16765891756880544429 0.89872371356800588316 0.14493982588242471831
0.070700170451856150539 0.91693406146935182223 0.86884314395316005511 0.81996157745348387274 0.53496734307194809447 0.19838365100592419765 0.41038084969335744261 0.54147546773132018932 0.019346558929387537064 0.87809554060690620924 0.081214998201729966169 0.57692865915700314723 0.1615622283357020064 0.8565166788120120939 0.40516057941411813483 0.076733510493305508095 0.72523070056309012297 0.74401363443282589587 0.39814814733397040905 0.91390200108189080757
0.31243621355828573064 0.45751896570535162607 0.97521186833877713363 0.9896663249042459692 0.29969608057396508055 0.65571489874497395684 0.83125233344645680224 0.28631359355309999573 0.8941637394975966471 0.16131837701683040561 0.58972262541053915933 0.79692657257418567031 0.43327389501694821495 0.34419018815868304104 0.82296010096814473258 0.20565591866002664857 0.78620052696272187104 0.13179217030916483278 0.14283015726401888967 0.0085659336561194919838
0.20100624962580815948 0.29152823519469860672 0.10674596670074569369 0.8889195081521539615 0.71121597365493907037 0.99586809257253255733 0.50764209637981415904 0.26985001869648615465 0.80132771616690353636 0.27030721896282659301 0.62422199892329164656 0.5952063658894656513 0.3540676289965611381 0.23882643344183499256 0.61669807922443464543 0.096127010564507925578 0.70899519456556113679 0.057737228055164831393 0.94134068715437191111 0.35050876779260232053
0.51317831949635518728 0.86668489069525496209 0.34386706600303126245 0.63178597803046742076 0.56029859370489844646 0.19760048179096224527 0.34292126451455743849 0.019461196839420899594 0.40714244639010424825 0.19986025604002274453 0.4566020620457307902 0.67139118112059482561 0.94681791085684920823 0.86160039652498631699 0.62243852921319654478 0.26598646231602627324 0.57912946125637820399 0.71651742654457358146 0.035642661335638964229 0.63566630514425359708
0.70410704480548552767 0.52802548804511168282 0.70103106351393908668 0.81779381545383770098 0.7490457198395865879 0.52488593953542205493 0.14738329449958585622 0.50761837989364757206 0.43473677193262013464 0.11731587236857015825 0.98252280459227274223 0.023223085233617945221 0.24821072140772454308 0.69909467402795424891 0.27471748602216052672 0.17107809412120259537 0.92103811323082599723 0.89906438955115887922 0.30450673723398670028 0.8826896697277560342
0.21189858798586703044 0.38550508012434138037 0.58094574046316056645 0.81224339251789549692 0.0014643282151396819863 0.60633008976284808047 0.78221416285035729816 0.91139749779559981808 0.78393728165559327446 0.3776307783816988081 0.58977147449228132711 0.96199925147084408848 0.46759397719854548154 0.043208551152068888559 0.14805152312426126076 0.16917405532445044296 0.47992365139079643606 0.16379807582924398967 0.31790470918700651151 0.6671440046983276656
0.22679067670558874468 0.47011363043364608503 0.76439288340246764025 0.95883170320706790664 0.87038465414851600029 0.89704725868826624025 0.32810401437929770379 0.81090272519408950044 0.34204543261470754517 0.93333316917106086581 0.075760292443328081731 0.81922562404121363367 0.85250795843279374511 0.86351094760015089567 0.23034853154845442145 0.26012521349582576037 0.62462047892048017122 0.10771699277914004731 0.49004389903079413219 0.76238854396899503527
