100
0.74992121423186980996 0.60586845924721449648 0.63619204546308067018 0.093150816109444238393 0.59367015631629165912 0.9238386320627157422 0.13227986452307765041 0.87853777810793738716 0.18254369274343690906 0.17887555785198741592 0.2983985785607436788 0.40393963443403275082 0.77672172849368188138 0.64153525352819503413 0.32962557780409870538 0.54889916490102371653 0.68661325383972244218 0.31542068066721717896 0.33991830142581252555 0.098780306676509331098
0.42687207005560385463 0.53493171158749034484 0.096588161986956832844 0.83652407740171388554 0.93362964825161759116 0.90755111314907891708 0.98618974031757445888 0.6730694392824472263 0.31164341650880372759 0.50043132397210261526 0.50027432788842316662 0.56049012396600957287 0.63488515399703191719 0.88627207130365427202 0.085598324031874525582 0.40101097598515439451 0.82333475868357836953 0.0049423219366566393022 0.64222302489070831648 0.45331783637082034562
0.80810457407537319226 0.48536475724200769065 0.21536722863324833438 0.75717701885626127577 0.58832238541527192725 0.031149874236122663716 0.12663617089729090851 0.75442220059564296501 0.40783689170866503062 0.0622639042938127864 0.92022658414365761224 0.58212195260502392247 0.31196282458673607125 0.10742142967516092578 0.12409658904758377762 0.89603282911085719214 0.84333693902165893615 0.4405050884679063378 0.47629043389209748939 0.74305026073513194367
0.061052064363060191141 0.90175032765044148628 0.73292416334899465499 0.26459375270843585152 0.42656854949581315788 0.0046743821750313132115 0.82853519926134417621 0.6937392641098480778 0.76643030715320328448 0.66245804055022090563 0.71666121946968215948 0.029293214287166207679 0.9259293482479077998 0.82132452042255770988 0.95500920794727876627 0.51178594693181148729 0.54500418666219758984 0.83643638661115011796 0.75166752045164189595 0.73795212674250385655
0.72683814748204128326 0.55470973498631445762 0.87206716614259742346 0.60343195633927515053 0.99115440017098165845 0.06310174157066446662 0.86146371372311535423 0.31525663492205157826 0.27289373089937414449 0.65522971792982296566 0.70981505636305184726 0.91910979053006586285 0.30904645193368905756 0.30018464047288869872 0.64194633806947423699 0.76548511790356656105 0.64182892977126821305 0.31649392991491174772 0.81443686649299247229 0.072972860094487538359
0.31419219751258696646 0.3758847802823748789 0.72293101385636974863 0.25812372785710308948 0.071827256437538564268 0.21906448342293619838 0.91502536301949450866 0.2800743168650565852 0.85189792375935512083 0.62769668871194719281 0.95346284736978291691 0.088337479820926991967 0.29037870936983357976 0.30750279394002419907 0.61738612437395507123 0.9977851328792489208 0.045066183296431548092 0.59670590777672222595 0.0020727128832993722222 0.51570930079693700298
0.71310474469714580709 0.76375173317049993387 0.63887002570016905112 0.11332977579059137308 0.98566503257984703414 0.0293024183018327277 0.10986079203487650606 0.18455761151537928162 0.64562481363213203821 0.2723488822706246609 0.49473428334341957858 0.61147344706999999444 0.90150438017214257436 0.82357222229109162422 0.80743123454926135765 0.81028051653405339821 0.32086717120859717698 0.75244317611788126527 0.92885823938547004258 0.99857745118358797414
0.93345331898528631991 0.53244399107178585822 0.36617866070878312264 0.93336294229368162498 0.99501359762285600269 0.96862299964192331608 0.59496496771789270937 0.23595661178451791577 0.86575869620408850424 0.26090171191258151856 0.12166219348052397528 0.12891554955600568842 0.59197980886942943234 0.65828023544816137539 0.30732425966220936961 0.10924043592293771425 0.49509911737807053795 0.48700711715469946684 0.40173230035193754049 0.74687177056128945701
0.64084129785547940569 0.17767194993211292024 0.57906572822288523479 0.056462863883397848867 0.55519211081906593059 0.36304215752558311988 0.80514048715085339007 0.14134172216268401924 0.15608895039627106529 0.13989166425365076184 0.45815358933776409965 0.34001328962265263645 0.54491916532584498483 0.88611838115830820562 0.43556033632941144716 0.12563200297701243346 0.67754403515524844041 0.40622783247281686109 0.70625102046634367627 0.48185783039492636646
0.80444705565289805979 0.88093534021324609005 0.4584549483679073433 0.58603158193541169128 0.47104791503973481064 0.32172048593813657856 0.23513194319891880953 0.56548220782223250367 0.37077337648331769803 0.85537987679218506026 0.88650557326279940177 0.82940427539987373836 0.1570379120336242627 0.63906258904477378577 0.60761018066526071565 0.72721405299780713234 0.95114709151673734576 0.98670024571636296551 0.97890329853664818818 0.11319927686663578629
0.27696578416523002695 0.54740284644215093728 0.18955026705633734157 0.52637690118033978208 0.64785500434398227035 0.041987617399794398894 0.38270333040867210976 0.71713560928865870012 0.51239903598722413223 0.4364803318000359704 0.79594028711039942344 0.05788616653277971674 0.98089085224153211521 0.75686819138928137092 0.26250712882356899811 0.55679915109596435363 0.94613503496127231168 0.26427308009281369569 0.46674480662775090555 0.076856407581453543908
0.18141197244317860867 0.55544473949473574211 0.094520871594187729197 0.50536614872337970857 0.14491256319482117404 0.036540260156625083479 0.41453959577066558048 0.22603276183359394236 0.077764912733394283943 0.85839334735832650711 0.024030592738726295663 0.60643778692989020883 0.12377357480417838255 0.13216314466059968653 0.57756252783936099415 0.69430718088814093501 0.0038582532511359661541 0.2254458244279791653 0.59451319514843213842 0.89704511802992691391
0.51357264232497700917 0.40507191802282855025 0.0050600870621365587072 0.12749136747785508122 0.86805974046471783841 0.026879629122542732678 0.056220720505262503888 0.89599330691988784617 0.25773223487350718856 0.29623772706364736153 0.26426215169266188237 0.59039364213587109184 0.03517337673982749908 0.33937820026728285399 0.24223658460633697495 0.61877877514139817904 0.68000682841609293378 0.25254562744997582116 0.46702563007439848366 0.79602627380822779012
0.28291665238199288618 0.085595452555060720461 0.53448440215521329604 0.78427465842099200943 0.060206288464652968232 0.5085726105385845327 0.23141024705901545112 0.91540445070405775834 0.51814033701272351525 0.94823769995455627383 0.92868998391157641417 0.1931852889466981393 0.58130510595966384841 0.75349093229854086426 0.26656583671268889403 0.57941908489531085977 0.41846012998959212646 0.15772223130497316392 0.33551616894209785474 0.68421973228775889963
0.48504950869850928116 0.21589982629599004132 0.31661352644922829231 0.31080519839911664362 0.42675454326096954732 0.50448223223489152708 0.33542037718295219216 0.89073280284083582105 0.71067310565109984721 0.42944297436807151477 0.56970291757004864255 0.51079949634158889108 0.086403197126792914218 0.766245500535270255 0.35352684077584749982 0.98345623763029134672 0.79198052520000223519 0.91510434550315348997 0.96440693098469134123 0.66262283766203175956
0.096278989008460830223 0.65952132641814702652 0.02895885258965120849 0.54526930343615211751 0.89655144127568484768 0.2265535590061763227 0.9061101980015443786 0.47706835687669967683 0.32592051398538419835 0.72100782735125873896 0.41952332020239504036 0.1087433416010338532 0.11223215058794065697 0.43829736997515118081 0.34437889464053395705 0.52085756451471015323 0.33676685916562712698 0.63493307752285846042 0.18009410992668918139 0.28587029549352259563
0.14982879716547329327 0.66909892724148424726 0.03014714490258307264 0.89380688219990399242 0.029290282100691105794 0.54019659616876065781 0.80823833064874755485 0.59124964431591016547 0.96813660313744432273 0.86096417866380236698 0.85160253590112179465 0.51772863498039485748 0.30326972559122713401 0.91064306132660164295 0.22141361898673045475 0.64725402210371865279 0.19836097129795442684 0.938270712710322862 0.039097767660475426534 0.88628956323068532129
0.32641689430807751816 0.89420081595678532662 0.82696420560821581961 0.40692102195159160814 0.91300646499883810262 0.41175654503509887238 0.38686784223714924065 0.69474568475625312556 0.96055932021024585779 0.84366238821344153117 0.38713441365710531117 0.13829533091599926521 0.013363787478035861348 0.014985135734982074076 0.72210806424823154357 0.49634601048620565666 0.28498765362318869391 0.36042793745578656522 0.31239364136251268508 0.95074640050283772976
0.51164215349455870305 0.41764529484141051997 0.93639281461393292206 0.56528580544844613388 0.8597752806164883418 0.18662651589797653339 0.48664046414724138794 0.67277302861458568084 0.89934214313077213076 0.4304028582307164044 0.46268857093967118811 0.52589264961292853665 0.23069321853019313247 0.57639790712582529824 0.37375803327101227706 0.62705394116911114359 0.97079028137502897415 0.16902188041471555822 0.73404639367580284064 0.30817629080670954478
0.45845831215135194345 0.58267848732774791398 0.87559275055345907915 0.97260990841223800524 0.32420589736821191375 0.75976221522625455402 0.60247148405488500713 0.85194646657543653286 0.77084020119844690234 0.24018087024149703459 0.42106920930315747489 0.63598919064140655767 0.6260169895239954089 0.15486459814371186859 0.759811175849542139 0.55109643016943558142 0.19456932485198408326 0.75973194362236988052 0.37817350482161408054 0.11611813197115959792
0.51411070377745894666 0.9406634632360250362 0.60362170654352064044 0.37111878043183184095 0.042204949508711603508 0.57021725315225151411 0.2894106281567103545 0.46454328098895361681 0.049544817242564813723 0.39483058480548427331 0.023176230605474590362 0.21164288291740265612 0.47077936181380072769 0.72080771374799254764 0.8359604739881415539 0.69348677904763622587 0.29070205737432845168 0.42228981355692409488 0.036803794260766814039 0.73715194479242321623
0.1621401469685560436 0.79348322642952059123 0.15465988822978802517 0.41910661344704923999 0.75237153491926695174 0.029905730141920588397 0.90834648368160929771 0.14947532581133566568 0.80806025134535599907 0.70997247090774579051 0.74168516205286907808 0.08545968094008104404 0.20413382345233526462 0.84983496561471537096 0.027472674951714701067 0.087082501436150207947 0.71837303842442484873 0.29394068474196394003 0.57527348422719539476 0.84952471829099580181
0.8666947570794640042 0.34739626627671000566 0.07874191782400588325 0.92812996707635689336 0.4479287063748251118 0.24367659811331607674 0.45957709947708836397 0.18462944303486584374 0.64096692132714838533 0.45867812185799982446 0.14683079569954724203 0.33333328694520848523 0.33558360592484894118 0.64715939865998921494 0.80927154636878160328 0.007886098436035372328 0.40507379875054000049 0.71490315454166312493 0.98623062105898742335 0.1881515514862243583
0.38171791294847251102 0.010608371172863962847 0.88055688071711971083 0.35532215056069856355 0.67210547856334486321 0.99366860756371153644 0.26802245715676560801 0.74277631850715933982 0.038265227459230805095 0.35351819700803391663 0.53383311059673807124 0.88906148307684294607 0.53498819822933639973 0.1842125111901028497 0.57486855936410728154 0.84071425986965638027 0.32607370002362362721 0.45014137558371268159 0.1787124806290977588 0.82103454690359628097
0.36578142168934261053 0.29945175815821630628 0.19184730757072439988 0.97747063172081949807 0.78423364081064139632 0.56463745425187949231 0.39727067041500394062 0.28548338792897077717 0.3865289688902461252 0.54845974419175158278 0.23960471448748388708 0.084776083528578726595 0.65850643798681175538 0.18856315642422364021 0.88518076007731205152 0.95629577882879539534 0.42424777620765873331 0.69977807888492838295 0.83801531780551318261 0.23937717672249595217
0.15057816494752949749 0.91022033097365153076 0.54147593302423570598 0.84621936215132287275 0.60675897994433769566 0.37777440121211635764 0.66078503332366911403 0.51462086832830440891 0.92856442564334819518 0.49157861634454515074 0.49595154613140793667 0.8451886861938424853 0.46282825134697047392 0.2514878870692055017 0.12692827621586905428 0.11007610767762261348 0.41708787973590633676 0.58195737983654095241 0.69556561392152814509 0.85833468821513433949
0.085847272529015198044 0.9568932395966003447 0.078357416813572428006 0.47292045943486719879 0.65030028081151293419 0.28337816472031362335 0.3315341028088848557 0.80305072034489885963 0.11876477943518195846 0.039361603848466513735 0.76776452439718836403 0.94645668950867087115 0.99021232198296769424 0.2152173036551183291 0.24706384068323654558 0.24993010708420053422 0.46975002998135657282 0.5125673952929883632 0.059849972085192672342 0.58635562405359067879
0.09686798471166376749 0.82804738875997299571 0.40714192067957856073 0.92886042784057350002 0.024795048766662893848 0.28023368555769476298 0.7375773385523235595 0.058602578014412932386 0.52004319747528794242 0.40736558654903073505 0.65112695726497573111 0.27754710734723530088 0.86131314981346998545 0.36863520685773879269 0.53867619415321612479 0.84521523295026763624 0.077187743629028966838 0.85917622075698235992 0.034314290174168104856 0.67583118901892054019
0.97519984366086747085 0.14454116724165921008 0.10259598754062224189 0.92403486143750448978 0.27442204719298007078 0.38234228417908499073 0.82952907937574834349 0.56822876685612934021 0.39567731569671938687 0.95744558409708571282 0.038908966935909046025 0.54499361294543708853 0.36798068532032812271 0.14988233892439741776 0.46391833493965421828 0.42727286139399327296 0.15862940735536326903 0.42668241960504449525 0.92463673393118514125 0.19719420958208563459
0.65433740224455410976 0.29929923045602703209 0.85116083416723666461 0.94207561925199021624 0.17080757748691749714 0.16862419421188024743 0.89205305381478984436 0.53391531432110371687 0.36584326798504963429 0.65733189119481005342 0.88377955211991300572 0.6780800975769540882 0.92099313192606894015 0.8143396433617246528 0.99067171481227820582 0.88162680489452484474 0.86089033869912476478 0.22273469980752852893 0.053920417472146305125 0.97367157771827043196
0.83107611293049131712 0.95310813918232395415 0.2970203674369198475 0.2080085701912026338 0.90719280720447776988 0.20680070781948573411 0.16305073068999736388 0.43765813011673061371 0.6960052388339953799 0.8988488683115268583 0.74982878880137792966 0.49991786186073185584 0.69561951275994170788 0.34862082990213589129 0.84244359843461284483 0.63694784393146007567 0.070226977427925004025 0.7920476903723062224 0.11374615370354306502 0.51581290245166287625
0.020980900402207512819 0.72098953056962435885 0.55014652983129434241 0.29905960444999912578 0.18472566909801392787 0.20498937677384588738 0.50652962749576943883 0.94220336489692292604 0.99812240528449425024 0.66794087676857157666 0.70580191834753231236 0.51037751205460969337 0.88038063181833537562 0.99598076597815766536 0.6846596795373431638 0.14145654134379741478 0.34000652320462874728 0.19296253600258352046 0.6485276822912332747 0.44059764575577648729
0.6957362968893001982 0.86513013565272570252 0.73865495712413914453 0.35881627998741353789 0.22637524007038843925 0.095859518958986673388 0.64800138594167860852 0.20668876699613029522 0.91936072135009312597 0.035970854924333418748 0.83694757300761678595 0.1667004551889525765 0.50202214436514341818 0.85806830889865529365 0.55601429767450449707 0.98404266365306864751 0.83246572132947346768 0.85977920170105380477 0.071549749312774271867 0.37397772925486471511
0.0037616034691426932001 0.36047820038432810578 0.26646788736608941639 0.48233531123163924222 0.9259291070985300224 0.70728351441784040256 0.90959847521066490778 0.67173671935243858621 0.49865694758293248161 0.81430877875265167171 0.92273471339867940569 0.79941381748477851216 0.97084103455408288637 0.8983086206462701175 0.59365035458335441295 0.27822041124518610307 0.82335936112642704005 0.27676015426981505249 0.70677146367494399031 0.94992629292736837022
0.37926385624290897657 0.36500564217433233014 0.043176713824688764246 0.80814097524646232566 0.70011112466138310429 0.17097493028776964888 0.53161375402145930258 0.8179481048522998436 0.18377990187508916542 0.80016750717120510149 0.021278559863254567605 0.82360663541347963921 0.83304460536827695441 0.50489758820077272893 0.79022919243566311115 0.99879421978016131467 0.73493234777035357127 0.16187263545836132558 0.62260094279271910105 0.75752115381805090657
0.80880443844185814892 0.29338061110874816121 0.91845490761434775613 0.60782174731212669055 0.90422111957531182589 0.24416628493538301392 0.25984220001902153609 0.9150031524522708488 0.083298239650340721483 0.12641542905903582999 0.74684441141063712138 0.22425383838737451473 0.39382397616063635038 0.77395971295186128118 0.9126617521676423695 0.31814189850622003638 0.78517809035431377365 0.87224884284188753785 0.0921480400973375811 0.99661373250364863489
0.51674528330617637637 0.11435933156885317419 0.52643313578537339405 0.50217480230904488396 0.88711730926957394947 0.013035754750160016119 0.62172164050718610473 0.175614597623899195 0.93256908328291841716 0.27092545347706128788 0.34980538847570431181 0.65586351615900643369 0.75994292773320537408 0.59956650687837791222 0.77288345085303816718 0.096104998135386217177 0.013289234487703148349 0.10867614404686195238 0.43528151886290483171 0.60075460251670911112
0.92372515160298868201 0.37025032317356683153 0.76156589578788207759 0.33253946035875454754 0.72771010658050024181 0.57184854600849117207 0.82715354064573691414 0.82828639053865699913 0.57641883036419898302 0.045707963907842129704 0.72777923334313604671 0.18861572039938858639 0.93831196186835767064 0.056985446908685138674 0.64183842053289763058 0.55642805878110020612 0.95120707931803907901 0.80416614329900705163 0.41780066002237393216 0.71907515410020148938
0.82028230342434903987 0.17347626157297684363 0.021749034905977723711 0.46196702300902503833 0.29415874991940035307 0.18862038287325420398 0.0098438983603707688849 0.91206604946580296646 0.20169273503002137964 0.5593322752113723817 0.36847795169534254046 0.88706970449808344884 0.63418241579247509805 0.039989108134916053633 0.44888238324869568079 0.57779555240642002477 0.19497421619268737847 0.35017878904660069446 0.41092102236028273126 0.18463942385342797759
0.61533071187884777047 0.50402630894111294065 0.53345477157375880046 0.6099379421469725829 0.32794773317128471553 0.76507188898380849515 0.632107879944211003 0.38028803529910426003 0.17073795988944175567 0.99384917088996924849 0.53494520054560854179 0.2172552836367147084 0.23252171747069970675 0.35057465941573183292 0.28067067570702687558 0.023985411092387500258 0.52252632074761946234 0.84110230972579913105 0.94933631333422645554 0.92797376516371513175
0.30200284131882060366 0.86873334723150051802 0.52986452140713121507 0.66984945509134014122 0.69314678302311945638 0.80085320234337580985 0.93237297683352661888 0.16037233541708813852 0.74254940917114672081 0.10496787540325823218 0.90039216752620484412 0.4497155174492704274 0.36636328053448057003 0.74801380004009606684 0.75367452139411430503 0.086136346947557257782 0.4788917721220699394 0.077000978769348240368 0.56524796396383377676 0.058427121482470832214
0.25845218474520560074 0.10944406384867321315 0.41466648021099724631 0.72656316493010734855 0.274896080968239714 0.58857008468385290246 0.72677512197324781076 0.075556344150885118853 0.44419320663355195693 0.39767754147773578475 0.5120160800040202866 0.25213711045355202055 0.58763973558050774823 0.97748550313945480912 0.46099824249892372077 0.53916294347132922719 0.51753496321711954601 0.76465817751946389539 0.28155517765632442385 0.80409180172286980493
0.23464828009712964839 0.69567953562989280403 0.97201042157207585934 0.93755908412889974954 0.48898145880867069081 0.38443557004447505358 0.061970880614834629495 0.74401158493076213085 0.98709824637346040016 0.84691604210679828158 0.59862647123533822336 0.90821509006541170319 0.8716109803108652349 0.71593862500094504323 0.66461688652524860148 0.50858354317443790153 0.23158652614982795908 0.34283572667005569336 0.85759045888358736059 0.36024036225207913269
0.84447404109631811611 0.44479663181048732947 0.16453615719277412955 0.756485064393374607 0.65218297259006374772 0.3804078732915960135 0.21811806941040326908 0.59484133335475183977 0.77512535896263486622 0.47829883210404553059 0.099625793112230678721 0.9453998350224546227 0.388071368372359692 0.050577970861356356502 0.18640653491099232306 0.6159856013323570513 0.82185526424518713602 0.48544766469915591738 0.28815043559538871393 0.56913238183423729119
0.36428979963749221963 0.086741383905457593805 0.81341921170629281624 0.53674563692340475081 0.16446224223118666326 0.37594902938439316958 0.0019731498165111816348 0.74682381911315857178 0.0597762255920299485 0.42518626458080225976 0.21802440665399592683 0.38910640446171553832 0.81547005852371663427 0.24659618798708767847 0.67454223904097798523 0.64543939639650071386 0.08874186827713598458 0.53659708259244613253 0.9505853647729792559 0.42328902527822102387
0.60438666828970947966 0.22971813533926373126 0.43855938544520907917 0.65614593880243513626 0.89510221887176376804 0.96693459333558237862 0.27509049529511065611 0.32717281622783672798 0.51244773247727538104 0.083980504397447000261 0.43647298507699587686 0.77589080371036167892 0.057418777221236964891 0.89796548873748813989 0.50359319841174384201 0.706907995375062038 0.029793232177935583427 0.76658001608958211385 0.30651360585953663432 0.77883356518463264762
0.66668893671436729628 0.11256113661047089476 0.43115867776383221156 0.55928035358611603682 0.50125693669047803299 0.70299488852798538145 0.73288120728323999619 0.40346766386699447305 0.11037053788504835584 0.9461468028386772452 0.23064989648690412431 0.41995707710078973037 0.82135207839592353629 0.46881036997532277106 0.26372021168231209154 0.10608355464522372427 0.84549330854473597253 0.27833615790305920213 0.56868202356354042269 0.81967305094439210845
0.28273748197653417901 0.81758958585473580062 0.29369488091170050672 0.074894652814718819895 0.25217830077328015609 0.98536821230862449455 0.57785284126681643634 0.71150592162559510865 0.91227450733136423105 0.81941978742008342784 0.12498283920001591814 0.48421970802979164591 0.32856552475128756111 0.21760437073492357082 0.5388223177057119604 0.12000579746820697118 0.84499436529597285022 0.33845513507270853109 0.37413860027829870324 0.010034477446993236946
0.57592951894029687545 0.21188527631725745138 0.56640318896223386874 0.25022466283847857144 0.66851602438392773535 0.97672036224205749941 0.5684415833826633627 0.47519324889712361986 0.72197333976503346592 0.21752469071542390673 0.6986432679127031252 0.14329326208142316809 0.64798704036050050248 0.98489457253109959875 0.061262462521089439886 0.17837905275379584835 0.18248793619138756932 0.11031434761827002577 0.3556354746483991242 0.36392446009680369908
0.055981764859178225955 0.66346761907500285613 0.6818400613820669937 0.13632745420499247735 0.52963563761901206615 0.092158751571487020212 0.24390430729099229438 0.96859130590198773159 0.61548197514090259038 0.22654088512806220775 0.60367805700122395557 0.36648169789989086412 0.2660269788777370729 0.27475406533569364596 0.3985018440435026239 0.36056646756383411317 0.71905529168338485621 0.10917592933299848855 0.26827309928494740617 0.34548581924359722176
0.090728028152596126225 0.77178266133855234695 0.93591813619348051992 0.51539783577891199313 0.37778981248075374592 0.33675761699464151647 0.53302448717765280419 0.39775777034892041581 0.93498424625467213165 0.94061030144058075422 0.88471852152474694597 0.73295521692565733458 0.21160699615070250451 0.27318888563989211966 0.39669443448396566189 0.35501899575731891241 0.44536645792418734762 0.78993256182599795492 0.66798114451115560015 0.41186684960227093303
0.4464676771623730053 0.60790295634542052011 0.021089454445970786224 0.45714579587288797384 0.82635310946885240688 0.22928600630966787771 0.3102717382471144102 0.092948759803211874065 0.93416861542224373686 0.48620866196511076772 0.74902790225966180035 0.65181652065115826744 0.5923363316797183439 0.12422008652806946252 0.51237257444692609694 0.17147662858582219877 0.38510144813693107776 0.208222241051396602 0.86980411281609318162 0.36791185722135360495
0.40171715104655869187 0.93039919838870123534 0.89478802808800306739 0.6074802172256063053 0.07400324040439868324 0.15301250005227786652 0.39192134797121737599 0.15059606546248421519 0.94562592924957879936 0.81237632052806339799 0.39458723342574921318 0.71885208211052015594 0.90790065000328403638 0.98085262693104873551 0.33618992979576170049 0.66680931985327375488 0.62514795872612255928 0.45995062031896353133 0.67714973848563723437 0.40016415512564186048
0.78395201437396132749 0.046324295247083433446 0.4176023850099862849 0.40272511472800305381 0.6392492716735973316 0.030008094346056358775 0.46365705289141644015 0.56113157465766833997 0.31242522576226408886 0.20691617036342193725 0.85170627017649735589 0.2216366665802303704 0.70534516924603692502 0.16077368032728627916 0.15536031270015357181 0.76270376708255158463 0.85195866140373144239 0.8186014921961970087 0.76268346937995040746 0.93445981962544770406
0.88276151898596063786 0.86992476976322375527 0.32884312140926756868 0.67910691616575387966 0.87861899841472622949 0.15007667510873935512 0.26525703582607963678 0.80505570758446795901 0.15863382139720227205 0.82823831023656428805 0.084236948100654510032 0.41957308054254571284 0.87392484243179628629 0.20782940036726033268 0.6141418367867057247 0.23529964837200331485 0.6579034779983862736 0.65272695323575497905 0.30517286420723276747 0.53192125864157433878
0.16553348963291884013 0.95409752125835020723 0.11413586322024335307 0.19544789194624143775 0.088327801548802521877 0.55759353835946667502 0.19532972548199307024 0.42776816289078895824 0.55667911658436381101 0.63868512738633822476 0.51357263173648766928 0.41574550054135634905 0.053939947683759238435 0.016504357820574751367 0.77221901450152235016 0.5855048983045926171 0.69073529490074402748 0.60004587327951472978 0.68248683281975277491 0.16468681753779846136
0.94993809840139551483 0.67480900614665591242 0.83514605687252008165 0.08800908361180350976 0.028668707275986324865 0.88619342328484781502 0.6693264036679939399 0.9414583904432424228 0.6988575401118975167 0.4436605744704650978 0.41027832638528773817 0.85412976463359726963 0.066748238280389120877 0.18418714964922612321 0.74748070164565025373 0.60562385204772424524 0.94277397686000471923 0.88656286570822173681 0.34230487628687549065 0.058782996821140996843
0.7215009579411145944 0.48063184410023759553 0.17202251315601588537 0.46257464396150352765 0.040379321198881188944 0.45814858684634595715 0.19653785296259119195 0.68650643995420074787 0.28605364733264189816 0.76739676956059857675 0.018847159395686610749 0.94706821283866450198 0.57895048047312090429 0.72948238297535921348 0.066723870966768074786 0.70231945880239986057 0.20821534111725633237 0.6833780681654145522 0.70134941949604684143 0.96238479721478548725
0.27133717693582175398 0.3305697213831479331 0.28127040884035337697 0.33941704458508556924 0.073249681074591480913 0.43803812364385587085 0.7138773305551541884 0.21365140561935841928 0.25694098330429154039 0.39369134542119619343 0.77504872136840384983 0.7095846927836904739 0.81691050361320355014 0.28485666357084407874 0.72291985459987034661 0.33772265561175970845 0.50255718230918206148 0.13624214143227472538 0.32520056640002552913 0.89285415519143286817
0.034759567943323072708 0.65301353635163549369 0.0090365989835284875093 0.48830086109541074088 0.86780058762784865708 0.5238725778304333515 0.91061123695662239479 0.35407702539703652962 0.013248824938609713635 0.036642680330388913287 0.7367381884086866518 0.09201724465584743527 0.35252574813828113144 0.23580121871131276204 0.56684972172485791341 0.70704073579263163963 0.78024949949187398783 0.70853884880518264551 0.51214602524583072401 0.67152105876065357258
0.49787358745023702511 0.98572758764573606763 0.97974441545960423597 0.030634849879972214041 0.12187873228304462028 0.2930070440357094183 0.20362653482716101133 0.64932064217837700431 0.91026259979677480992 0.064652899380046623134 0.33712297286064370395 0.012670562138063410978 0.08262286519611183671 0.32761145432133359604 0.041969661872310601639 0.88262866683245752559 0.46209653188198398431 0.84903507637394865957 0.36245276640959969526 0.14450510842502585116
0.82716614729952612828 0.99117649689067302473 0.36959034698989075025 0.69254822077722440448 0.41418561678250096755 0.99843751777824872178 0.85841321443718467072 0.99104503437627378798 0.9650531734991053447 0.051846410913176703633 0.65901662947522998362 0.37853045512689242696 0.38633484303848112062 0.42389367996278846419 0.18065751127614671986 0.35170496626174983546 0.049235875865958339233 0.39688587862802704909 0.97440325864040400384 0.97454130115114868032
0.35056847696905261421 0.073399643657807166794 0.56111470877611021072 0.71908761226225797488 0.40625922943977756254 0.71235658370998049602 0.96906261891470225092 0.83824702980290696173 0.15363645069988353262 0.65807749076466293467 0.62916523563087692968 0.017982402967304372051 0.34674744086661252922 0.65662879803246485943 0.28413642979279012303 0.16929450160191042012 0.06579605533793638026 0.63092682222216808492 0.18907606559800884191 0.89850861325096064981
0.082188709201979577741 0.91363503908304528851 0.45043874486214765168 0.16935953370965975374 0.71396106161853077957 0.77020623255504504418 0.51986871721262047238 0.50841735249370507044 0.64834951481655084764 0.69494314780667929671 0.18593627050281198612 0.39067366831935796344 0.57865765982041133104 0.62263676168789233202 0.11686088466816910896 0.79260574831698625911 0.68806279307106214458 0.59423644890928606447 0.19591251140341167105 0.2458463200974393022
0.16430751087257535641 0.032334918050368253984 0.97460596743306915184 0.62498891679081233395 0.21707288529292502038 0.77052604179454744598 0.59944214671853868285 0.7266188170213766027 0.23056431413303101315 0.084999033844245097593 0.29335566710495311268 0.66707424819647379141 0.19874052962626101004 0.86120774423952454476 0.2384712452449084416 0.73457212869015211539 0.66483288003791754164 0.71990162644421125062 0.16697174089709127551 0.6391018235413613475
0.11439662600333183709 0.66715611128733431228 0.12632338720816887215 0.15308924828949993795 0.36260558358264361216 0.46218408916645911075 0.89180527717678885653 0.50049081541624799974 0.57839889218408436789 0.21546520649642574008 0.33303997612528706316 0.099770565668869415333 0.87480822360019099818 0.60288818753300270651 0.52953439305039790036 0.43193681139307502629 0.065589017655523833023 0.89396180701223021463 0.69193963061497955536 0.98490831789124908213
0.91682742012610006168 0.10640939606121769216 0.5060617600678114159 0.7688669568216994247 0.30242593072271297853 0.70457485784851959436 0.22271859747143914844 0.70529643130721515 0.066562205216055905419 0.90000048948949711502 0.31832401759652318145 0.37546512026706244222 0.046118703258807364307 0.22479922490034369783 0.30806413971638361759 0.079255069878327204572 0.35741005050535638366 0.24161982384503756933 0.70935129566793887637 0.14728613824878119745
0.46931181027226122468 0.83830217435909015452 0.57025118504558051452 0.73896549851561515223 0.88733621900193881038 0.31408691667937575401 0.8574317175197939166 0.16122838374365589128 0.049041700561043620769 0.18205823715568080634 0.074051363082990251645 0.81838310968400572302 0.50384920599627572849 0.8356526308795742085 0.93625423349847708448 0.25932338187630090906 0.45849425250558464411 0.19368700962071013936 0.045471433591583241933 0.14253646195935876288
0.063258551136737618998 0.85553474894680317449 0.63606071613523515544 0.1944818115158835184 0.65405654047272452517 0.60043450167515308142 0.79154731411138689901 0.18409968973888364194 0.72467369855786107431 0.66616101896027325122 0.77108166892230939392 0.74311351584880254255 0.6500874782049668198 0.24153394207916010502 0.5247678163370685494 0.21655721886166567111 0.53292001737720588045 0.095067748824558356098 0.63080995393314988009 0.15589372297145254388
0.53098186428659313363 0.44190457255995114756 0.91666988011235351529 0.93750302437747603699 0.5038597569620646204 0.080598656090113105909 0.33900325708887950305 0.4353019976414568015 0.85987980826867836399 0.72855657689551108982 0.57301693953334189744 0.31567633478953557256 0.55206937359185908801 0.48613641586794051808 0.98337794709415452936 0.69273673729010141277 0.0039077368066684702269 0.32660409532428032235 0.42955651633047582872 0.84966892201865477051
0.37161368882159145362 0.32300495617916493633 0.19536265264463660915 0.11403998782622067006 0.82491843464749536999 0.86806817664539740229 0.55715175265063232227 0.031796089836240305499 0.91874499659328409565 0.62670464551585921523 0.92524144380214892996 0.65859176624243479143 0.26532841368700932154 0.8564158778805556801 0.58405116136632762795 0.91465438195051095824 0.020423663488807817677 0.7632732310133756023 0.49263484345196648366 0.50745924638127417651
0.91985758630166051809 0.68291773988057480782 0.3551907068253459206 0.47139044994440930841 0.59472397425338088822 0.03675323507690665605 0.19437626427693748503 0.90724255113955488825 0.24409764647765471194 0.80532345361975492287 0.13938110571415464063 0.11432267398765743764 0.80187965545056458488 0.23601237636903344243 0.15498961747303228748 0.87693861654330104385 0.41067453156771035956 0.94895104661436024599 0.12181327493310413614 0.42482328299447937167
0.033386270105355231926 0.29971094897829087607 0.38035321743620814801 0.99844669147060850496 0.53901290585130553015 0.68388612763841375293 0.4241223002417949528 0.54876749454045029171 0.68355649081238033785 0.014969424209375101513 0.67376265063028817148 0.2534359461243870394 0.33246891599820827169 0.69122654228446854817 0.43396894660498728781 0.24590259220911355408 0.34148201092103743897 0.69770765710604596349 0.66986250083609435226 0.39122479978354720231
0.54740231481069544196 0.48075247419723759248 0.95357153184186709948 0.42883833535891688012 0.2680897300940146074 0.019836400393669806027 0.12463556729619853255 0.36936032447841183571 0.015489490419765017523 0.15411491336324451983 0.27029748910460758051 0.29238253540831503254 0.46282523068066901145 0.93591324203296631299 0.63041645307470085721 0.3948331568290810214 0.2141356077060503954 0.16201124995052048076 0.22088366732261431645 0.13344026127115154681
0.54878002641264965944 0.97446625432996133011 0.63240431861282050285 0.96758567639602749682 0.4108485214117485118 0.4898834493119388844 0.79921933659375625383 0.94960243713224056633 0.6776758403851847833 0.45743997760540594435 0.71115854393515028265 0.62337533491791928043 0.23358741814258716961 0.47287237958240678623 0.17204892359977008346 0.14174095562631363953 0.063008335546036418017 0.98841389335283310079 0.043733708801800126229 0.95433637678604366111
0.72639995086441812164 0.57467179991754791457 0.1059711003210802308 0.050263983072631283401 0.74362331219905757545 0.65098532286156424864 0.9933118506988596888 0.22179128400633568138 0.5929293418283055808 0.79468275225467044381 0.43669565729251015921 0.91025902870205874587 0.30372753195405040262 0.47999080195101085299 0.65158671067744993496 0.17252620748749880456 0.93794122590998163925 0.34879518601379456673 0.38092764683806809372 0.028413480906727916022
0.25153644495465951126 0.060048276893230651213 0.38384858537090789816 0.45333211578502555721 0.12494103728574108158 0.90311842868485312207 0.84141396531680402423 0.64459953908280234503 0.71633098938760559189 0.5721178310074822586 0.21988538876837906614 0.24652616973307269328 0.58967517316303972403 0.15318053504831227849 0.43728837040391738096 0.0086592883247159932003 0.93798575014030479715 0.31235686711766440444 0.68848841192833356905 0.78854547471364815959
0.35740927426779628228 0.24988245325185952145 0.46799150569489141559 0.6346148873311268207 0.08381609394955898823 0.4973006417569484684 0.48976431399140639991 0.26277263464029560641 0.5449600481817725514 0.55878069009027249789 0.76233810498360460653 0.15787186906527913118 0.90542888075821502245 0.47841502889278823992 0.89087308323368131596 0.20773632019578531382 0.37790950287386683871 0.56153263401990825333 0.88715431547714633596 0.95794724469053163713
0.10656262046938358245 0.54956402410240199111 0.14863652491933171732 0.13777066974712478647 0.14132649111703933053 0.62063808586259198053 0.7092779688651621492 0.068137978558325043132 0.98237112318158804404 0.96941569446952781521 0.47740794142938531219 0.36055186883648246681 0.20863019077186670979 0.91961354898329134537 0.15291973416068405729 0.42645650496034042401 0.98197596972134622198 0.7896185748584505629 0.11013128588305082537 0.48095870527838717679
0.82960785257059000667 0.28440985145772677134 0.018713691514489366166 0.44508327227302031833 0.071303620627645759704 0.54842930439580041632 0.68034747044284762463 0.99255996644932518227 0.40654594394604708687 0.011127477373643137465 0.61540457205301923958 0.39219459532881071023 0.64484700748289887145 0.39372554065486348456 0.053094605079511981104 0.55897863058034608997 0.28502565938557578002 0.99158825313626488505 0.4660952628529426117 0.57958240089428134995
0.12004599884149813718 0.73488035233111446049 0.74278170689067752615 0.71326253687482773364 0.94427770672610502093 0.89704579540092396555 0.43932258346779029279 0.27840134692855147887 0.2535875307203299584 0.84042054411533882513 0.96982662979222949366 0.25231357590736167365 0.5052988758258790903 0.6775617131717722018 0.68282178424378863342 0.10808074602332993212 0.63909075101822421114 0.042462082715906537399 0.99184491715034723094 0.98487845073989145709
0.13346529259706119559 0.65497753649410997607 0.85952403546411948503 0.69652280095701304605 0.68368612146416552161 0.91625385385320403455 0.50959618252218929048 0.81554945668252833651 0.38706216053231690469 0.40667067441447222402 0.064394712593662972407 0.32171467130099809279 0.58187545645183383797 0.96902981603449475986 0.92411482933490943459 0.93312294907121992555 0.37253891384855785355 0.11874026729927471111 0.99982897862846147058 0.41280618730778512296
0.42469622519091098023 0.76940310856090198493 0.18954334813596468613 0.89173396791025120691 0.12621832139037961185 0.2807975751142025677 0.48312851025798462596 0.99308741972468440531 0.82601473347881476249 0.33228670856771021073 0.15887083882920568785 0.77674467608701375915 0.18900559006292672271 0.17882810511693908754 0.6815800963579068994 0.39616652009469456889 0.92699607755068240872 0.16451674003504778972 0.53794592753066024086 0.18432635460178786778
0.57969514516415539859 0.5933121527261671623 0.1335547518562249999 0.46493234785766440509 0.7267813183327352299 0.37057268003489462484 0.80713621800605415377 0.56730368438456164329 0.68381508116637440239 0.61602202840283248951 0.092545815333553509054 0.55722145622933859572 0.60429050666987439586 0.85522176151724458096 0.89453017964704853183 0.44901189921041289861 0.54735760155374203306 0.27834607171426881009 0.58629416504954221889 0.17381788709697690515
0.6343071762207888958 0.23394595504592146111 0.29105228467465360938 0.9611801771508007444 0.14634948754351392056 0.64630469303025841067 0.54986353749190010381 0.63780866282372918329 0.024442741152690183231 0.059855794264961025486 0.37082721158168221109 0.98330684008235525275 0.46646494091120335366 0.26695439940369644448 0.77399176960112688365 0.015334752587022860602 0.1417173806093689694 0.12043393823088947787 0.46355758179481634616 0.89155095064454393866
0.47935144113943240862 0.16448232399176379961 0.44505217041031381724 0.69846915615653212844 0.57287204839821690322 0.90180900070048389879 0.22570564778589727599 0.8933758203975700342 0.090601651435173592914 0.48582361906995913555 0.3110785778681422683 0.32780511914157715381 0.84081192506154767781 0.45576054299076337753 0.53703625166623152293 0.6015287337076063957 0.98474063673038695873 0.2642450726741738854 0.76554012141403243556 0.31363146157374025984
0.73419699990742256222 0.10908957718685824076 0.79292620655007292873 0.9185056206494959368 0.22257881520329477702 0.3719891583916075354 0.045490200625452251843 0.54035025909109905715 0.70639995122323969226 0.16107411678801025621 0.12460040082623874229 0.47359858007855564095 0.72039883891270466149 0.56686364893630773634 0.10143680230168192202 0.276417618862512253 0.26239500873275627656 0.80130624457203211578 0.96084360028786858823 0.16931557946140428274
0.31297326685772130486 0.15880347793415715171 0.62097894210261862455 0.16158295572969274471 0.50552781499493701237 0.13049980922733424798 0.08452044388610181324 0.96407235261913450493 0.2949751030800329585 0.27484152464014833557 0.12078908916239668305 0.24708825202145379461 0.17270313148908253599 0.67686689969113677791 0.95235719725942264536 0.051595426052839302871 0.53492635303831878992 0.72997169845339668695 0.17126110494021942141 0.026943067753048389557
0.062495512162212307089 0.62648445091798855784 0.71866791899403809307 0.8504312614993687978 0.96138125471086796788 0.17939791015504663379 0.8373810955968882375 0.30169962389434474404 0.26059367230227275012 0.77586562448777730058 0.47841789759254313072 0.19674016988182836939 0.23112951510392687064 0.39087542162810794859 0.98154681557506601376 0.71675961875122338004 0.61611258865971307136 0.010896502921508529173 0.61999392605252467259 0.89399764212112555367
0.67209141839530445449 0.69943446655422207402 0.46283900271543198233 0.54105038012760879704 0.25909003048392267323 0.41410012558479379754 0.20350942501059489853 0.92880676373358197687 0.54495215324011766079 0.35276358643342289846 0.075096562537832253238 0.23852550856683120667 0.91301071030154144043 0.61486603153058218881 0.87670704039318847608 0.049564946553828854927 0.33379833398616970728 0.63182511797685515711 0.83962082245111376017 0.078265654238975941126
0.35477914384528063725 0.047663806052660501471 0.34850751016901904453 0.58735724028815557347 0.38189297361837273718 0.66054138617255324319 0.50746810130888975979 0.40294678730749215046 0.17239640200671837859 0.34496351686796856132 0.023865873973449839196 0.4134472155208312003 0.76164326672092366017 0.044792943595057651261 0.46966571540032722021 0.27897954326391644612 0.41886552909121283568 0.74914903323297943089 0.8988971101610613349 0.51883663689693686807
0.42984960517491877403 0.47555173216090750374 0.86635329712907019665 0.61532852328599759736 0.24777575724952006212 0.46200811241079331297 0.45059301763926701159 0.10634711487099205232 0.052375879591083157431 0.45283784004107876375 0.024071599754100183233 0.37795569723438168373 0.6762216683327915088 0.59109007457814424666 0.72832335788318238031 0.024615524534957634027 0.29044246580616772159 0.081414056918522870177 0.83023864669226296451 0.051083066959347696388
0.88479857271254978081 0.3930650489208294665 0.46493067267653170996 0.66082967393589454576 0.72176795171387304499 0.43707871800690511609 0.88723040279477857409 0.53784154652708120371 0.50431753577207629217 0.57314291058364297314 0.22226544590704423331 0.77503156428578908957 0.10354267548428676128 0.50219295728260092095 0.73058873286481563125 0.94151708429393093317 0.95702682886721524155 0.5444278798609389082 0.32320600672277688523 0.67647050026557088335
0.61676889813714431699 0.87692027007023574969 0.050128797265978017501 0.47927219144676400336 0.57596911448816067884 0.094050770141501479217 0.5206610417001087771 0.57946341794695669497 0.62848086588402770724 0.72756283360475296592 0.44207185666742521103 0.29986160617727117267 0.037203180517181704554 0.79624196021576682653 0.81901449773347649656 0.18121879976466818751 0.35038004087943042797 0.71527321512344277284 0.12844385050902333459 0.61124114368013202748
0.46842422457287423502 0.45148782262603105476 0.39204930026409835856 0.11984968366028018663 0.27864792156265423242 0.13216793870072862107 0.67193833640632172094 0.32955257238599635196 0.19882188904785665936 0.9614039241628804343 0.33808355115366908587 0.49981258585875944873 0.83293662790336099144 0.70091438185545911003 0.68243412509725954367 0.59631601423106668784 0.24558981889833042729 0.90642677381393322439 0.54071451613836005683 0.48731708109297115197
0.24632277094914545979 0.66093737603116122094 0.75596509728602757444 0.24273691725726803247 0.55950220770696649933 0.99509781243682444551 0.034553969524879331267 0.036790471866068327289 0.20435663075758719079 0.026678491962171199951 0.053264389772339670122 0.82375894225962425344 0.38895803933219173744 0.24428468315988643305 0.56108436634899192273 0.23983869543522633291 0.13331914593086345198 0.64995946852691851366 0.6186791916664143328 0.999089324960700779
0.55012018005002923755 0.7916737442832221773 0.49475402404511289165 0.67513500022114047885 0.54113474772266364457 0.65742816895326771254 0.19840551475211744644 0.41052989880776209693 0.20436741398129191219 0.8038867324062157498 0.11765238303244440911 0.49609369298406056893 0.028814422733477683392 0.046933622543888796287 0.26495798274683236931 0.94361226404148997873 0.9904998278800594717 0.0048165368927394285568 0.46623272453471562021 0.0048189114368902180629
0.57058712885309882977 0.11577458600516657417 0.023380938948884128479 0.37309380342815116769 0.085685296654563823161 0.110417819134808806 0.0025093613898519399473 0.45364809279092102156 0.75268125323135473049 0.47821100828057102629 0.33555692552408959933 0.024641086220119196558 0.86916518079097442241 0.59270446867799957071 0.14579855578933877385 0.71228381710557651935 0.40172111630592969775 0.84481026173560591505 0.29241199974254163092 0.19173035955933460467
0.40440344285517724061 0.69226348993147982528 0.03523860151075911603 0.19423521908776988747 0.66750796943622420996 0.30774328841682564175 0.15411702797842810126 0.69149717407497869175 0.55912231195849349251 0.93258406949110892283 0.25182905304665106205 0.49101364671418171388 0.99386223733724424125 0.62891913902323957745 0.86363989535271860112 0.86396796203910652582 0.71224952750910260448 0.18492559299708054955 0.55636635731696337776 0.083383604058057099711
0.75250141752333625359 0.4090238902887037799 0.44037791784905645938 0.35200833362329853732 0.16825666384031775277 0.73010286834776969234 0.53583051237576950619 0.1579166020614971838 0.60387465604702058995 0.42351969771752627763 0.70923624595820287144 0.014196479570692653854 0.25400361175650419481 0.96865036747632167979 0.18612296524735345019 0.25198086089094800437 0.16349074457557325119 0.014214044816808963625 0.652468798508179793 0.20838704551463388821
