100
0.48456638051013094828 0.66780265693670405434 0.8644046458884720743 0.67938767674487005711 0.73636563736128777743 0.44941254932015790212 0.62714574416825546516 0.53158635143538170175 0.078376878225598449023 0.69043270255261610368 0.75097702529195645848 0.63183534512093595997 0.041683949997171149831 0.83195885696428150703 0.27969094295051339055 0.94495912762248586967 0.49242407986595594481 0.70485714372031640012 0.61179773138803098751 0.13738006281595336331
0.11634780594424737186 0.23704827294225204362 0.67101928646811867844 0.94362112938749253714 0.80107440588358470732 0.037713714124376186286 0.93908516077335227546 0.86405311015662147667 0.15794553696846414849 0.79825135809408368485 0.51032537509623425095 0.92582285691244391098 0.74171248143445834498 0.020533894632286086408 0.62340149333158068133 0.46759834036980160406 0.22826656494295429031 0.089098139189884641566 0.085598238734738009632 0.95516268281884443195
0.85351820927518968221 0.46310435320494695621 0.5440967726772633711 0.5301990162760309028 0.26173099163605244332 0.96299493778250670512 0.026302375567608522267 0.05810290111479065483 0.88012574109644760653 0.83343596430627624004 0.37323424480819907001 0.93155767871306983425 0.10291948065516140075 0.29212247226425702023 0.16710443928206574231 0.72200440739512373241 0.31075266099518149228 0.52569895635315717789 0.53167124159165493169 0.3656610866109669208
0.54241679173139864452 0.16623183542351125866 0.78060037444452486869 0.93926879089968151479 0.84696984178781397826 0.61631151791017136537 0.94031473404564981287 0.43332939366737887032 0.42157779986030853467 0.55200248952737639542 0.6036686265567006682 0.74072717571240107286 0.12379498483361837762 0.69297837213524274942 0.81323553680949530424 0.66629648915748881005 0.44320379205382685639 0.75939651942965742676 0.7423313180247288889 0.44335744259596286953
0.33404832647669798639 0.69172359582276343894 0.062995751167195856502 0.81660524411589068667 0.98058976070603094455 0.7473629057147598887 0.8412524724963229922 0.67653143601200473587 0.23747254776792948029 0.093651570087917188024 0.94886812247393545927 0.85943619980110531203 0.1846353783568456971 0.49312178839203503396 0.29971596997533002274 0.23448191693761478538 0.33878702870419540814 0.27992090327128047827 0.92803983530479706228 0.33997385942606328654
0.94338319673249793588 0.65599141980224787098 0.96087629095150895581 0.81963899152752616058 0.52797901563177339357 0.34517782573529480109 0.3162521595586794982 0.16381441772550570487 0.12869935570321421856 0.59246530548370972535 0.28744234456231710576 0.46528841100831485174 0.99399284725790515264 0.1369229515110844354 0.19220622196050672739 0.83141996316550870921 0.94060892314236310306 0.63831810287999397711 0.84186989527185829242 0.40085681417431875712
0.032068502439785495596 0.54332668381976263137 0.7483148554592346191 0.97923787837002886623 0.17074553012125000522 0.52995978836918479065 0.89727216457450962672 0.14412571818256282228 0.68871642422608597055 0.91143632150767688087 0.10577947576206237705 0.62696235030382943505 0.27417523657973610028 0.1094452999708203601 0.18714767591794420799 0.91265570601811938322 0.053595794067970287155 0.80331981124484863464 0.96669741479718732135 0.1413366841860080696
0.73085365513685494312 0.28981012552772970669 0.4945461983295732225 0.39544216276184532559 0.26814146790606181644 0.1743289342633251674 0.06094559306376124509 0.68660349090420691497 0.013788359618408475176 0.30309179439163475207 0.69509436129284316914 0.5446551734520434349 0.24631110697558131163 0.21508591964555408478 0.22348628205789490303 0.11474858490113689903 0.15188100778519634512 0.032099066498004736724 0.6131688295634538769 0.028825253170727749004
0.45702722439552333005 0.41911729857163663792 0.54991247431428285345 0.77975552050695988497 0.7819767079928722775 0.13523058309351887875 0.97822475635776537655 0.18248739177170055035 0.83907324095636554603 0.13156557656888947074 0.1814788890589306703 0.50655439489112284555 0.63998668162524118187 0.058377736456207753978 0.4125175502433166465 0.83454584897334721608 0.93512138606901483922 0.82479023621034762518 0.73572189700116893957 0.96246305534740169498
0.55780345037546542176 0.033487937758568651697 0.41839027675435912359 0.82758632681176826415 0.84195603126016024679 0.28564946883926609777 0.93366023793378340851 0.7546479179626371706 0.28608778998068871746 0.88203155400646212578 0.53092218334230354679 0.036752943319531135595 0.38317348728775141461 0.09448149967415737173 0.012461914434224960664 0.48611334935064092356 0.60668925365611046393 0.76188565154792467141 0.29422197093747929719 0.91583004930180565158
0.729509064934802374 0.022503019363528270231 0.076504531400569240614 0.46070834304750437423 0.65194713081406769272 0.59548117045678884875 0.82248991268858220313 0.059383463562393981583 0.7726156267679684029 0.074568489356977029649 0.87711733447855339229 0.30621041557935905277 0.35293358223410456373 0.36786029264048435914 0.21614702779738519323 0.36303832518675726709 0.11134502460262192904 0.83540674681992683044 0.18763575066140940209 0.18130965054382226038
0.70374124380815798583 0.54953152985987116307 0.47291890441527402992 0.89686614371033087414 0.58190946982330415412 0.38210510959926819038 0.59880400966608677573 0.049899363295804635417 0.21404431092051704437 0.46492819456739873003 0.024458894773370026344 0.95353603990502476849 0.021892848498373742303 0.29605971141889464465 0.19711585079476079462 0.5249011844471296691 0.88199434971423740741 0.2664140443298626574 0.8368653091929636349 0.44852421985654281587
0.024140563190348034292 0.98870313319957382167 0.88094360992983779214 0.20927303719751549411 0.45902677306578298255 0.97756813339297983463 0.84398226251602082829 0.18534258040670065362 0.014403736907694414035 0.18954758210395897196 0.70556232921890168791 0.4770073879320826161 0.68071692628675354361 0.34147740857910537858 0.14343572804077523694 0.13072592224165182582 0.27003121698990258624 0.24317487811406214088 0.6247618690158649237 0.21523999468203252114
0.17501764799802971322 0.53587507566660665191 0.7755565908094275763 0.93513047800172492864 0.17533379246249804749 0.73492540867626298106 0.048068316956464622169 0.45548136176829267868 0.93275870250408240183 0.027257287871420496199 0.40297456630426786641 0.33646502923894470793 0.71001050519016023537 0.27409454738287072315 0.075437559918350429074 0.90314209536810918761 0.56389415207606819792 0.5650103430608447786 0.93890397781935892456 0.52917831513637355109
0.1231239680290779309 0.39944433866819302405 0.83403344859068387633 0.3702740130095543458 0.3965353629312479061 0.4375971819260021485 0.12103559182336890657 0.17804602370595618498 0.67237667119199779378 0.46155135673807040885 0.12105719327872561258 0.41621907222823017233 0.13844989791580915095 0.98992588713478545434 0.27568537712572405309 0.52864587215151540738 0.65322554955620509674 0.51448112311050614854 0.89095705399345473288 0.2620840901639228071
0.49925430641327452655 0.39008044439973773405 0.59904095922307320821 0.95151170227260874711 0.66851256254191587856 0.01653438304522622743 0.39069131363668359487 0.13344186091696008954 0.46153180680524253765 0.78198120319666895032 0.12166006389595740585 0.72973882331557987142 0.83227687089367547406 0.60648547115711445702 0.20074057370677749325 0.52739442819878301036 0.27862029177557143906 0.56316864267971585012 0.29768667211866803833 0.74632890940631960223
0.014325075895627862124 0.95280748770753389334 0.69445165822532448893 0.27338520615730350753 0.37059316150948612298 0.053164745010777787369 0.20393841457578372304 0.71305291947297477865 0.69217739763944872652 0.94419769979802929737 0.54297697060893010976 0.23272771561005510646 0.59327931979451904476 0.44979424347106238929 0.29398249620515982445 0.35429384164407124168 0.11023227183007456458 0.17469947297553472013 0.14264720463131312081 0.40652765284814851266
0.15338089042000767044 0.65575121406275774472 0.76821606053186022915 0.84353702891910686574 0.65826974813534986129 0.91951302276915505829 0.56458326510850409861 0.39601326222171321517 0.44628553460265410008 0.48998728459392272637 0.35197550774871539763 0.44212201307163908557 0.62149278988319682612 0.94217882567093862297 0.42233193602293628673 0.43722577791590862918 0.5830545624153286086 0.05512749663293435977 0.47296240355481117165 0.41718033423581694523
0.84160140271582170466 0.46575181731651756338 0.7666646460333549885 0.33028010852281008031 0.44919599078608309702 0.86418766519646445363 0.14039712498247637103 0.59617977025456572276 0.28712462423501181925 0.11804835819856459022 0.81039056568452021373 0.32977153111046767018 0.27484410953682173232 0.92103439716512511525 0.47534595614508577834 0.99951545687413435068 0.49447005776857347813 0.39039763301906684932 0.94827308920524160384 0.54257397213761083871
0.69617901429009198248 0.7782099712897837818 0.16400853867821843431 0.09755868212946545618 0.54247098612866573086 0.18036403311790218205 0.62672884187538390474 0.20983373907080955046 0.07501812352120246864 0.29491358257140796187 0.7938867372690958091 0.3989581230346921186 0.54245660182661678897 0.049897093745820526812 0.15598094792936227735 0.10361431954578925253 0.83363736563124396517 0.92253153650310253391 0.99274694587011049705 0.89337958315320409954
0.77280311896366522779 0.57020607791424588758 0.24470545579965288763 0.6134339650941653276 0.18600312882701333254 0.028033158109897080663 0.2142390081201762113 0.5920823914396909503 0.19592117027979240307 0.42139365626992765951 0.2256053974479297959 0.10378773398913616714 0.98532294992385972338 0.98955923319539800144 0.55122166744770157419 0.66853844967981608847 0.034837551275034862365 0.19060556134757584106 0.012472034357968109317 0.80398185138057984685
0.80420276013368541268 0.94009200302929353299 0.16965964273991582907 0.70440398593048635703 0.60176003190260517217 0.39762558411378965084 0.77073758000970251113 0.65623910454750584585 0.54927255189951342082 0.75252769848590975833 0.48011345536983163603 0.51128569827908996407 0.86661808448847561142 0.56254493574987508148 0.91540076424690359602 0.58262748284647648768 0.35938583126919504694 0.75504238889807519952 0.92071426947935326057 0.04780481319055229593
0.71911786397656229063 0.82597689678378478017 0.036046829233843653058 0.84583096876596747032 0.76561993964376858152 0.65340848214293724861 0.19168276512774097542 0.56121446987653237135 0.37706053250671173237 0.65165302150745375994 0.85577682773729941946 0.085888750988775901143 0.28932178109517328108 0.81988873032768618058 0.73875984552784074264 0.25187090601100979912 0.76467728382986268915 0.74207084823027424908 0.12650389677006217181 0.88048262336764185885
0.096123010896251457485 0.38115005430292843132 0.88896277751647817116 0.067301858701291666768 0.3017280403604069883 0.8037894979121053128 0.28401328975328165221 0.66927869884686890428 0.068715303119413519964 0.99689396982506978183 0.70245331448031086757 0.20380140688514321843 0.71153510011741466067 0.53099882418094191083 0.38932713601526033615 0.29187900753996195622 0.41543910614835437148 0.72028237152912025242 0.51517059546278758065 0.98778481178134674946
0.86969107988561307623 0.079823522753102228418 0.25886023887294156315 0.70678596656247184962 0.82374268140556270801 0.77736382253417322095 0.23067437238587174073 0.4068499864002435062 0.27068684406909587152 0.59171021592252200707 0.73357982890837451621 0.61197945598510514463 0.51722312993475032039 0.29988284573309945092 0.28717196259606879758 0.54096295666357544104 0.7108081356687678594 0.46287385072134874499 0.83798223001547946127 0.48021959074845619832
0.48055086223720085381 0.53776622842752411582 0.33899194425735962609 0.67698497013109865052 0.59932192314111883179 0.6437121728342103262 0.78984208006618238714 0.77964950986505378544 0.77967013014400720413 0.77074957412818156406 0.75713825470266705997 0.14248579445386460988 0.34380061029011802171 0.12760827258216271546 0.64710690497085825439 0.56805027237977722592 0.26439085666637098334 0.17377033053681316171 0.44436954118164494627 0.86346848210920470882
0.51564467227297427056 0.47061008606623163037 0.130739537421407191 0.26125236537677737071 0.39042705841990735872 0.20336929185852527718 0.15701915020686580901 0.71493575178487713976 0.99927427280329337173 0.60090014410034646902 0.50189816666504379826 0.15219386208248901796 0.10814221157720630627 0.80265375686882831508 0.71555020494940382386 0.71836245222920267828 0.9594858286446974763 0.057357030203751541934 0.65143247392291761446 0.71012092338854153253
0.69316900336033464145 0.50621303998249490624 0.22498041998070974183 0.67732879093137051459 0.66730307744170807243 0.91739985349903977255 0.7869878577337985533 0.80465460726951468175 0.54796335675113231711 0.31128053941118174217 0.88413429595457886231 0.5621838343985355185 0.64354738500949513715 0.64214852181753463928 0.37573715262776559057 0.056950386990027751597 0.59068716971760766967 0.50868719007651069271 0.90710922243058876477 0.89671374806244546097
0.10077448943044263035 0.96562530547140968404 0.97824809032727776678 0.68412086909329371509 0.53092613400683315978 0.02731259058325058545 0.32288809707286108132 0.06716498850553541183 0.96317126115827183565 0.79450881198942376797 0.024412750480652189425 0.23339110356130142465 0.45307346264971967042 0.33970302067295851732 0.66391571246368624438 0.1997211580102708119 0.42763349217735740143 0.01928529238006569343 0.26649103182889700948 0.61823936334382171659
0.35882320435247614819 0.63094071014439793613 0.090965204199744512678 0.92586115435383400246 0.93359575091223818136 0.56795284680838597151 0.20994979220429206676 0.21876415228063729646 0.075016967858989757625 0.94937507665634188908 0.052249043672752608998 0.86247919615295314867 0.246591065751621264 0.81492503320407497957 0.68280159415589912779 0.69336743872273951748 0.91879925775383982338 0.1307298613405442144 0.16316013999257522523 0.59849694085092912046
0.039828749244014620943 0.65202262740169990274 0.73365096625876765918 0.54990135326269656417 0.331753856206571099 0.78263858069859459145 0.20773689288428004012 0.47611255717074939226 0.9493788166490138728 0.02399239649089696092 0.63185763577525544892 0.16549739200526864701 0.25261652926907112777 0.94966972289653814711 0.69955711413503493963 0.87789345651941443055 0.20514134443591423027 0.010196954671102827271 0.066596598665563843528 0.11954533918796513426
0.12576396135275358287 0.46721596032811720396 0.90172556190052298653 0.15217610078406232127 0.77262516871167824555 0.082294059249659064605 0.14815373956686521916 0.64167681650780443784 0.37157503207631398901 0.041354972583963609065 0.80327400082395958905 0.8076087522863432938 0.64787794017364200847 0.32079423144238676963 0.11132393331879772376 0.69352598661733045151 0.23048710144008898598 0.7595492520307735998 0.99564833302549334145 0.26941072207925417239
0.7138539243652796933 0.56088944245890957939 0.76244357654662452085 0.84016501374566497824 0.39584446900834959463 0.20527086044012169352 0.13085804625176423495 0.054241668018942946756 0.72109977505261152491 0.39902016057346890527 0.63466950043511680433 0.27545622566157807186 0.73673225265146754858 0.48611603530082764756 0.025479640913904660513 0.40920943739265213318 0.45460113761956955027 0.16853177169181031604 0.37070991017230745386 0.7025583202313771859
0.4868140752280468702 0.46354484952758576752 0.70976901069878340603 0.27723966240929834288 0.8019320823822091631 0.086981597749565293639 0.67416046078628561264 0.25412799852981450977 0.46752793099222080767 0.86757433311838062133 0.26933200391738627762 0.85785676441223161309 0.028063666954559627817 0.5505361583715729468 0.070901161870497749276 0.45626783333001729554 0.82351815293015530751 0.31529261047187429171 0.51432778965873792056 0.47546631483422316323
0.66299762393390353747 0.88437149724396114855 0.68420857908768669249 0.47946469857301688545 0.87965498889964403612 0.11264947317465104999 0.19903643145679349912 0.21601561062592953042 0.56878777715318646431 0.88441542009663406493 0.21143465840550291899 0.29172758215149173955 0.88569184296839097918 0.60671464400517277182 0.61040236152605618588 0.16212263182485797214 0.3831562536933427243 0.60763387034349259416 0.64352758772155318443 0.33929316829148544073
0.28560686581009439339 0.77568461747746111109 0.54404229845732752553 0.54978239009767323711 0.98513136317189759855 0.4251982966999683269 0.0064281105696759784909 0.65189681107430006243 0.50427896112885422272 0.60734276751476376201 0.57599927056983857157 0.44180910865095632679 0.88433733861423234927 0.15159101111177118943 0.011533690830514395137 0.23732969881976246181 0.3588173179611647945 0.42205556783587896242 0.75352028990385538779 0.8588791729928969086
0.9312913796974254066 0.73913491037880252858 0.75456945600054966367 0.18596432368048681463 0.11404611006556386772 0.3731693515012494907 0.47851731623963802319 0.94073002974806247561 0.44822480412625172245 0.87108982703881805915 0.54812295391997283131 0.23581744954173925117 0.40149442953470212118 0.48024428369728042594 0.98315547542901793012 0.48523850832580152879 0.86429247221260685474 0.64515711301801917886 0.33589669350866121665 0.88623106501339580019
0.91557642374857686729 0.84898271108006702015 0.26068819693880351552 0.28442595047523165305 0.70570788963573715427 0.9001495622016458937 0.43859065123975071038 0.71325963547000904874 0.16338340604688563807 0.0079200145488816233808 0.88508392812107380585 0.077274214487423395568 0.95318394128095308628 0.80565332126437158523 0.92191996378131521042 0.87505564374453324942 0.56180901795470456991 0.8268743696800521285 0.35283439889787137673 0.64843089637207197256
0.35002700421989269155 0.5534482371693784833 0.60662801811064044502 0.70205485291001318353 0.53388053992667400548 0.24030054989019486287 0.028792935863680082554 0.22913496874484357604 0.97987015213543147242 0.017308646358574395505 0.53839736905104595798 0.11612820677337920344 0.78458687388858901408 0.31382790625183695467 0.81852934397947256409 0.32684565975363369307 0.90273773610428216161 0.16335717433983229025 0.59075721501154995893 0.025017453240863285794
0.28047742212994495643 0.62459358957105788108 0.29234329153351933675 0.56545535924194747514 0.66151935087443209982 0.27948244153963699071 0.92865439308865338789 0.74680848858652346253 0.17426018367178366193 0.16970676409787749042 0.94294451749624742077 0.031734776232757349332 0.24301074842453546462 0.3599895217107595018 0.58542891580745300882 0.51565370063014485832 0.35952672816929676628 0.64163420015159629598 0.6121768428146437397 0.7160592268344777966
0.19673680255923296664 0.3435641578474265776 0.11335908791118287241 0.77504046284809885908 0.25414048187640993361 0.13157925206588756131 0.85324923239356342656 0.47601123763062330583 0.99977176206195244055 0.35304600949079932982 0.61868719735171191776 0.53675722899561344528 0.59536180286404785926 0.50759902021816678071 0.6104198408646526011 0.30803507470773824791 0.032560715730123119139 0.69966764642256082878 0.89602694092289303276 0.12818747461360132918
0.51255453772668246854 0.39878003674352340805 0.30817537687705767876 0.24421333341103009591 0.61248804820064089896 0.33722178348178882693 0.69123692297331774026 0.24629889881893656336 0.69504419386677212205 0.45524313729078633308 0.78974739559664461813 0.34700153583850810947 0.41836985409706683292 0.75337209996322953345 0.20457711838762087004 0.62712985589810489123 0.43397208194821434562 0.82890296703695294858 0.21388707660752759071 0.76767848345258878344
0.46878698275243116351 0.32577411536424217393 0.68598520879334591122 0.88029258767232731054 0.68432164336460901715 0.76931797260415213185 0.29158879823868909714 0.10018553997844271335 0.028985060790763391228 0.40875390252836028599 0.41027102558549333379 0.0043386086279131766234 0.69702108026186088168 0.50166961559156979228 0.62132328659950406045 0.75851109942635214651 0.49977960628495365984 0.15914739925424548257 0.73289209419873470634 0.027374240190707462559
0.84738700046936465748 0.48729806799862741276 0.35061442767365551292 0.57321577315947382634 0.12506489407697510947 0.32427264258046575222 0.32522184016877809935 0.33564201341686558455 0.099702930720145416547 0.5099184586558923366 0.46649187804505833798 0.52026447136053645111 0.2522379432470416417 0.22118799758895331609 0.38001660985649089746 0.20454195372379539058 0.65579404795444397834 0.9246127962085428809 0.4383208540259377612 0.82325538462601262118
0.98748543932601977975 0.56088870006570570826 0.66396955794619230294 0.58132063111071265361 0.66619142201666842402 0.94617112705271307852 0.71635296947097900581 0.63606289097227998566 0.78876265582551610754 0.74124847072161927607 0.19642232818079951266 0.076303062318973198497 0.24737161102969858011 0.15554012750068309804 0.27560650635470681049 0.20846865287059204372 0.14950147688822242406 0.062173144116088629985 0.34639328819006467996 0.46066175984965297756
0.36785317815969164143 0.073136263868861043356 0.94442540406290240537 0.90784467166521844162 0.45704972362368802838 0.61258260623069878467 0.620598190294540754 0.7674331386650495387 0.3816535779311352932 0.43273445199184967363 0.87788938582244056678 0.35046026270496169762 0.67065297382658145586 0.81124579287134088455 0.23113686748574478394 0.27395078841957970413 0.069623309844543372388 0.35001795253694660873 0.77287050315224798623 0.015719051388902979263
0.17818839516266349576 0.080114349939801394649 0.074633153011822991624 0.21592764157089157454 0.21362046114945320213 0.1453383937706752322 0.60588559956490503541 0.77975903737598585927 0.19963897444013819848 0.29185069175220132909 0.9796684170439414119 0.85470138011983840925 0.42325071293627076265 0.81565299069051158199 0.027744761454958601879 0.5566557217955788859 0.082756667956917365453 0.19985895276756452901 0.57755786157089276597 0.88575073685792633034
0.8073762449655687645 0.25769489682461667497 0.4985309861503635446 0.26857050065967699422 0.42178353830157896634 0.81919511986881940853 0.73870820556284238085 0.34444331158570379769 0.34654662967481224685 0.94670027823810871487 0.093043643175308994087 0.22863027721600577021 0.91191633166557294396 0.63454560953045456188 0.71046663469109619713 0.6545630380964678878 0.68123298513657186198 0.59468496657773554356 0.20523166005600076186 0.1218340289578500969
0.10766351649721703313 0.41407850955067662565 0.6070548864150814952 0.7052061216026299414 0.96854085631763159325 0.64974243805327916586 0.6530418978038066775 0.42368001889417052189 0.061139612933206059873 0.80393139682142311013 0.69577814391605016884 0.87375185057609292357 0.38871253396249538423 0.98811729108329460479 0.15855981030625348116 0.85007239278391436704 0.16818484615291975492 0.75539983330979768657 0.27966133516297555671 0.92703008179271809033
0.85726893031712102016 0.54383705339290276237 0.88703417877772695183 0.12571361376086075693 0.9127905074303933325 0.17507250301098203812 0.096274242185963634737 0.39012047458337697635 0.72026880033213022447 0.53155092030944775251 0.45875165865071299877 0.2801770891393650896 0.17259652175897632323 0.70684798732798882493 0.61039439619880346441 0.83562470409093477582 0.54642891712125382599 0.59722337680427470377 0.93842669427207041902 0.4956545697634616578
0.69290792577420939717 0.36481941876782888432 0.049780226308511207911 0.048676574966915396559 0.39408861787251782378 0.56149843887835520795 0.74686204937046565952 0.72981564569152715405 0.037455349228216980827 0.64004086909874384628 0.087210003749158439247 0.92220420122611865889 0.12100826028321089617 0.49748213724033569621 0.34283725453491397506 0.74689725461052146538 0.24488380002549782239 0.40175928339613684308 0.79627106317540628132 0.090999466807966933042
0.72832781561995650686 0.3744658980316664113 0.56479430481255979868 0.4583049284671209399 0.30400121236872002509 0.63119935390141069294 0.26732049914770961667 0.43766324202173431418 0.79363994410054122846 0.45266422258854039371 0.47360272880994492791 0.80395132363981249864 0.29458936913893962918 0.2178753188590621425 0.25247423437073626375 0.32940511187151872775 0.87713237449594067983 0.46570329431488998356 0.96590348218755206705 0.17636898330306400722
0.96499930768715459919 0.67582588880657112993 0.34328852757295023608 0.89896951245363052621 0.15589799322239918897 0.36735958273367392998 0.37712886778135271853 0.77482109618557260254 0.63591695038393531553 0.70339078822804560284 0.37106785026942596832 0.77765458584456580312 0.48104513674279241999 0.37945457232680439037 0.83684532772856514392 0.20767491670852238468 0.75832162993349494295 0.99020018768459921527 0.88290370142260405614 0.13004979156219130065
0.28194500244156232112 0.85817980173895361517 0.61553391159159395529 0.64237800415532961469 0.33243990548772780677 0.36067273666513391471 0.81273362334998949113 0.73070720801559845882 0.54561953956167183265 0.66705608510285270584 0.26997409675082476905 0.39800729954652307521 0.54099137176800984823 0.99566637247511149386 0.52685253231739018155 0.66549456328097066559 0.49512546365772345088 0.048809070743133285513 0.38648539596853835777 0.13143006868130749078
0.28282969623166916091 0.0054793816893123036536 0.61586891699650072164 0.82132907413390825668 0.94172094196216567886 0.66669559547175283499 0.70140000507210023214 0.79505240120041304836 0.96917557262846392634 0.59436738365132308726 0.50459925019283243571 0.53082653944067731638 0.60072705142170255456 0.43039378427169531772 0.83863602413885845511 0.46587262407602070957 0.20478130392018735814 0.90886741111383536739 0.78575889364895564159 0.61913697555635532649
0.92696692408712957586 0.069906152033103539272 0.19500107417237571742 0.46153918386442738633 0.93766999500966581436 0.94530149411923316866 0.94427403905445575358 0.52232717251936109433 0.16537618246940889965 0.78869582689950126466 0.20611348159016807714 0.93376769762888131289 0.38214852428043744823 0.94721246363301716729 0.033307550922088502725 0.12577608518059798772 0.9259828227114480846 0.31756943008554743116 0.48624653105772144281 0.41820286084520253865
0.94098570168611205406 0.072786777338720778355 0.83991615144621457857 0.71185385928464589794 0.029095209139285060234 0.98781626559795855755 0.99028315394605397911 0.85513827227418233586 0.66003662228583039544 0.72242148190162192587 0.53332943487557752272 0.7077347476478153635 0.51726627554565859761 0.01911941702456872508 0.69200565260757493868 0.1390392803820670965 0.35497448242371441152 0.8868131015644353111 0.87233459384116718424 0.92044803223558711023
0.63247052795529167245 0.61374896294494787934 0.066069222992877584444 0.37644689140255789593 0.46810384515790395002 0.69832385113802316771 0.4410998246805747012 0.16074487859208448219 0.77584000681254161477 0.11941816901447700977 0.86820944345588974738 0.709956339105695111 0.43226316272110874834 0.67961956944957893634 0.25805163980204694777 0.0096911169886579083066 0.61706892628661577692 0.16580407659688450845 0.51318502329807116457 0.3235325842405728325
0.12184414288301287702 0.12242892853001094894 0.20373207876022543002 0.26310667077421792323 0.099059891954788693109 0.64505017984116589747 0.75431152814006881805 0.31341333469649854668 0.2516353045483540035 0.53554570006946289557 0.2002622465406641372 0.9296784329545489161 0.10793503957828654938 0.071570751467115375838 0.51552200932415044793 0.82408976845952454588 0.32099131780770525442 0.25949303760819910009 0.39528334841724214755 0.077865436423259212079
0.9947482898497814575 0.27479283602397564027 0.3730354360299860987 0.35277075777713325381 0.85324602984554450785 0.052311275318225192252 0.64288883932818314398 0.4191275700745821732 0.28815801650905713103 0.57448004593490877939 0.62949037391106007897 0.39467824426813812223 0.73499998068345063617 0.71019342491010990065 0.77135854023058833447 0.72789158825568918404 0.093985049631975119892 0.5905459203522668638 0.62989426590459096503 0.55084997476390267607
0.99049189959661460166 0.27792495542835939397 0.081074485981900191805 0.4819539502119140842 0.18846912685554409591 0.14158112087911673728 0.66813311941137283514 0.12169426177673605695 0.8795313035954477448 0.1548729906948385421 0.93418626078835624924 0.2546781784740988122 0.66665844604267051129 0.7019927306950580743 0.11974595330860289023 0.099056946282865064807 0.16742177754315379915 0.61697802660654864842 0.77295218397954875545 0.85671558306917207983
0.073783280360228571768 0.092385947404231072715 0.31999917608113299526 0.47807175632432701072 0.61956178206755400223 0.29469988976706448244 0.17935797564799927219 0.026376767516258813496 0.29709272420682068539 0.53124654899820708971 0.16663351975356162799 0.10666872223801653622 0.16983988951720840882 0.91771117735781753127 0.8662970684190012917 0.79821805055131568401 0.49649249022785121285 0.99115396572700337625 0.45103890693908237579 0.23295060161116705547
0.57347635273258444703 0.31798012475852668895 0.63107835564545364926 0.22973485776596842898 0.0063730407474061384534 0.098290223621445384921 0.15643990020633826105 0.11563784216894843187 0.99114387583637098857 0.87378083283000402035 0.1530463674317740417 0.47291840718544951919 0.17242721940035643936 0.90397159024895291809 0.70239064611488108376 0.05120945666566981678 0.14860056459802255605 0.34279562476126248659 0.064153516595643361514 0.43303280778080270065
0.84297516627612269826 0.85375210255194513794 0.80382229597527196657 0.65827138381307464008 0.81677615992293476309 0.091800613431247356222 0.75572962803591538797 0.79124739021115380184 0.034659770771402831867 0.64042383063583712262 0.51144606606233324796 0.63857617423517093854 0.18594878464431001164 0.66752677856751888036 0.196556421071520015 0.66462661101769713375 0.17561092870728218363 0.69682319709245317535 0.89811593324169975886 0.13000053334425782335
0.6656339575061217031 0.58495127847091295367 0.6961351551614792237 0.7414116065322372413 0.88944512469835448448 0.84163208814933496111 0.20865189829115090366 0.39302863679051619521 0.25216839551838527523 0.11056871525231075717 0.73394131991958470494 0.35233654114978855433 0.58856505910567345253 0.039449389890531207981 0.59865243007168625941 0.34262127585261571667 0.43667555701266089907 0.15510491279460258767 0.88561638466955576243 0.69058931025305799319
0.35945568676662562898 0.44026668701154765876 0.28631170739311753769 0.61257511326173068582 0.16034024228920180168 0.10583872209585228459 0.57106870186873926051 0.30902997367280577947 0.32818148077297261297 0.28708963251435284171 0.20156565612477256381 0.45053022902550127963 0.98093863083187772832 0.10326000353962938572 0.5311835503188900611 0.63034820781106735591 0.24567711191295046614 0.75099824332914934624 0.6971326717095625232 0.81845510339605031635
0.41381037976927845262 0.088924166685206418694 0.8606777474707584339 0.58219151341436248048 0.44900762209737330821 0.25661178581579258769 0.34103168367690502027 0.96603530179054511906 0.28569028025133254685 0.52844229708464306736 0.5339160978580170066 0.4024434980812951699 0.21366288647264857615 0.27522249777794284878 0.32197687647488591983 0.68613441100150582362 0.857753950761973675 0.40446684927955950368 0.50449068083232542965 0.27715275462050542458
0.51026374680811914254 0.77583365673143626576 0.12113439604177085438 0.68912362636611195887 0.11678340749098913172 0.62961733505307601177 0.17322583295280845827 0.64258471742146643503 0.98031320708117098935 0.43320883047567995244 0.80355004237141713024 0.6905760411927856169 0.029191491380900448519 0.020010722324927224225 0.6451132915629594533 0.46947557170256850511 0.91568046698782085515 0.43093310042169099601 0.84875061159173399207 0.1028624122881561905
0.025350452476318073298 0.64367390334728161741 0.078743160164521875592 0.93028214532635742279 0.81298993182324310957 0.32864247173755427409 0.72870210186119209592 0.81210334733017574741 0.43832895977295571526 0.020312291425495129099 0.20957630318282745606 0.95666248405365800651 0.72644928993124456399 0.52432957282868514139 0.84424564845483734721 0.55252201889962459174 0.83462201713489530034 0.49413236521936574383 0.87947855125680674822 0.20728563668075916616
0.2201155200023898624 0.75745449764648548378 0.23219549276313176164 0.95313120707751322949 0.83514017467282156522 0.48075596536081525252 0.21508614514598913534 0.77647427896866045151 0.33438916904561366431 0.59900002269453606014 0.90910695302286960857 0.084323929238356082479 0.45473828057497267915 0.56221169346359886468 0.89826700812499723445 0.032205499272633332692 0.38154877123403764126 0.16793646099633979487 0.12520370850231029328 0.31957690705785828642
0.35481010706975856227 0.34673368901187797271 0.98694870563892223654 0.13929622055592701194 0.36274148820076729385 0.82398161521461458335 0.45275543556668838662 0.91733657639424196568 0.66712165089738813359 0.91034935745428971704 0.053697417838714718282 0.35536391711767304868 0.85327317044834076541 0.90435023678584478023 0.69221467367071831819 0.70414166764906959615 0.44813535588566880434 0.041497207581622707609 0.90242750389107435297 0.82056936000043576382
0.22080789116155929216 0.60268334890777597654 0.34309008120181111397 0.31043998597926704278 0.078332201685910937108 0.45672462460851005072 0.59837008230652394936 0.329673905557120664 0.9026483500161000811 0.99509438867116100356 0.11901708991372512682 0.62795877905796465221 0.98754653112957305162 0.2084104531831695298 0.98702684145324582666 0.5143403360994851666 0.96915041463998593228 0.90823137918613408879 0.51007736396870824469 0.71382184745155463645
0.74950157962760783893 0.7750216495294423788 0.20004619726679577572 0.059017297890916147146 0.038325141543200441402 0.67114359477413137333 0.69324665313752038983 0.59553714557254954995 0.36062668518700837297 0.8857104396803638926 0.95866857392724564343 0.34632382735014999374 0.094796747044358286357 0.29026897845549623641 0.16150508490323270009 0.2148590264456925503 0.27768808421084913954 0.92122332630872749124 0.6151045927085335576 0.58591731927811496484
0.14039343857839688975 0.5374471680612769203 0.5566088486314684869 0.88268292753324426031 0.43497528288749748456 0.13781569773463383155 0.79088527685746906002 0.058141161217124168593 0.28751334327235675661 0.2326716779451222935 0.88895358438413436559 0.57330547540832492361 0.24402420715732315416 0.87428528062471388342 0.89024900308741766318 0.91424786601591229894 0.30562093155412779619 0.42179524290522750799 0.90042066868760796557 0.85185993223068722511
0.43894188693509702176 0.12577930278292934142 0.65250084732886395596 0.62004182513438075891 0.55438178987467635325 0.5534786205132936213 0.35048927132099917155 0.67393700932899380243 0.67242918696998335738 0.11239346080752491861 0.20290753917597190539 0.10364950954963869076 0.80754488564965149633 0.098389488290257798254 0.090257251092277032461 0.60819614544099418515 0.77788132403657741799 0.79072219990495372762 0.96491321015809842501 0.22376304646877659594
0.37044347538928057342 0.50448652261394838996 0.4343099673694146639 0.26357917115904983484 0.82183140619373882456 0.67732325604191413249 0.42616082888714153232 0.22109150180741200646 0.92767430746053773888 0.093473917278078498603 0.43734752690851643256 0.09914836580316145208 0.33888345253581600197 0.085362444616027359707 0.60799467366827983312 0.88034246816745715053 0.7183044676888108439 0.99221851827868574414 0.043589941456685923665 0.40734004768970616471
0.010981290730518556125 0.79554509782012187931 0.66780497848205460016 0.31679298649518006708 0.1942588498036067664 0.60240783624665632245 0.57462429945469046828 0.69835988569456533515 0.18278963816828168888 0.00087520256816595276258 0.55810058003654526917 0.19055956779438679947 0.87524687590562041294 0.35244999196693868468 0.86412924703126442211 0.66758709577854855077 0.10779977417874089297 0.5417613725215057637 0.78193508867472982397 0.63047698112377750784
0.84398935550740561542 0.96994414543643190637 0.79902745965464291427 0.787356562147358754 0.52996025732671476593 0.44074552912924723643 0.10647031884820627165 0.69261886807658667217 0.50286856723001042242 0.82378313237242474748 0.9459995118093160956 0.87860035976940609859 0.029075222846284496053 0.64544789625472233249 0.40250197449009309268 0.99848994646150167006 0.14454258394966961073 0.084408042141788643998 0.57277058919944592305 0.074111259297315052374
0.99650050474054824632 0.76221879717488466387 0.60002790443084525222 0.89759468067881241471 0.86864982799196539131 0.24667389910282504125 0.81161917551254070101 0.7175968594697697859 0.14147692861133967171 0.98808963639322319343 0.76857997451429506462 0.87227569937582549942 0.3579987677700974594 0.93957581471759356594 0.2718503010533098145 0.52327913131443992565 0.51180292518340250903 0.67286965616647636488 0.10011908979545389468 0.18901084552081388445
0.51593492749210817852 0.56012538210930568088 0.46624966080101238594 0.48211764903175577889 0.54649800620797886995 0.5125672148628182686 0.63964153112234986001 0.073292781781327277768 0.98297773665393067734 0.6134226251582078328 0.25315531394260089781 0.1934256965284589772 0.24111502709669611043 0.28660084496904466694 0.04892644433718643061 0.74890156744363811447 0.76729967575212055223 0.19572634452308666802 0.056135503020406569996 0.43519878618192676961
0.085444536888889564678 0.61768412880350000144 0.14786573604998461357 0.083707049165043608614 0.87134453122487691185 0.11482708680116521943 0.91089952461245209364 0.26589302681535909517 0.35845953605957898828 0.16921826172666043009 0.62540182766632435062 0.34304752732679902685 0.26029547469750086982 0.097828122728346275704 0.08067735086511988187 0.50394323104525763499 0.62456509882648273953 0.54245921276084135398 0.65604539998595094762 0.084065783096124689579
0.52420366319152872348 0.99446812736115136692 0.061661524890322547729 0.34781935185332139133 0.066089711209230658394 0.13778766883658048867 0.13544649732458643662 0.23643463432799929663 0.40512212006702614397 0.44202169532901110352 0.32063164931192070109 0.13384775852011895203 0.0069373556769746679766 0.80944437628049321714 0.90211455867246442353 0.54690757946916051873 0.37670743252748126856 0.81355650723574002119 0.66265778200550429428 0.067143746151565819114
0.59258454166979952478 0.71128285090578588669 0.42312824810233806721 0.27163858220364700156 0.99931049525371923894 0.060532411032121318949 0.15390758635316639314 0.89448438878590675162 0.85043557799931026404 0.77677529860647100178 0.2930496798538067036 0.84180144985461977515 0.88329137746037807882 0.79277157932502763827 0.066100628312788312427 0.89726633372019639641 0.71335174726530842292 0.58792172642432104511 0.091998676065610376982 0.54292973322426699899
0.37352276734026410476 0.7661636399647041024 0.26701151708977043867 0.87731521226752540355 0.55806980267180421844 0.60363568166044213534 0.64220313003897724907 0.97574107477066856093 0.095965394521639533197 0.31419491294860876399 0.19492215473405948993 0.17174137402129588766 0.37126846603394605923 0.19230941370520177492 0.27309026331287027491 0.23165815727579852526 0.25646448640985010017 0.83802118699608399145 0.55408574582254055369 0.98892792676849731006
0.10914437427731459886 0.91232280593188320035 0.92289396331351615082 0.11866326722515005448 0.81566510055991242633 0.028434164168076224595 0.73090118593073466523 0.56068951902456402701 0.64310404201934590101 0.011765277402631957164 0.62754054396990040758 0.5870593727032036096 0.61195807456366852921 0.41450204413975265844 0.057039330453309355939 0.13391487649253945114 0.96812499209393377902 0.22281461497439862513 0.58146410583165675316 0.48982873002710034747
0.035049054643479982032 0.060567770312323806516 0.5073496199896593317 0.84004171837313683011 0.31244392129591704743 0.9251987986382267612 0.79135186367518111457 0.51487255879814608538 0.015196747560218551974 0.91023984866418695017 0.15302040481090615039 0.61402924493735527818 0.95091378358421530377 0.53946847493649935606 0.31060892838268822666 0.90428727287170637038 0.94300002721118612333 0.0038118807970894497497 0.70725610216581188543 0.83575688572716953935
0.080867113156043812598 0.46138558187432250217 0.53347868697826493272 0.2934749389342960133 0.64446814766599434988 0.027142819867465496078 0.41492535927959849973 0.36191468053351477294 0.6724871017295503851 0.92813318726005961345 0.46926336354437762612 0.5120255367380883865 0.21571890058831192391 0.39985435819824730752 0.0076278634679592445685 0.83000617463002051319 0.64986264544328309226 0.06953733815373764498 0.43293736265043209236 0.12936916754465448208
0.12624870381152991411 0.74397560990956795803 0.93093562208337516083 0.072260711144879976328 0.78485492010063506025 0.89332016085719281434 0.88399162401200141167 0.9465128482950700462 0.61753043884741607296 0.43794933226509114759 0.582805497075739977 0.32543563373512751229 0.20845692331393737596 0.92015467997397125865 0.51217554779282720856 0.013461288911824780847 0.36974732382561587593 0.63807900972871230637 0.97030081554925615855 0.32739912531181046096
0.59572321415607501206 0.77251521270681576477 0.26083148409626732316 0.90722657450881381776 0.094556210303527958106 0.36100974372706582261 0.06975378347101476162 0.51390599112669903384 0.35925249136679625995 0.71652818350966898805 0.56472853593740571671 0.15802781748614564458 0.63567764783253015751 0.23543696736895808927 0.21977904280708518474 0.21971816851848401981 0.61087461050685439549 0.62248142771594584609 0.39121664405732842565 0.65409208052775622688
0.35346128245113473624 0.48416258576236969848 0.61407946839967314051 0.12231758524637326781 0.52584192453975497813 0.58039767476731981963 0.25031431228398824147 0.21504431489975097465 0.60314178788899036929 0.19357524231850629351 0.41208074071204878539 0.72684109421118424702 0.21574297725154638908 0.55982670828350276524 0.99458223817275095822 0.12417517746147932987 0.40576656020344284605 0.83699349468658346059 0.71136991690800385518 0.66957335123649490286
0.53166347220840297664 0.56756672718396765863 0.79556510148170342769 0.92440251268096488202 0.42258406629446706494 0.0087604979368578559523 0.9660400486849065973 0.75483374436596266621 0.20258048647370400066 0.42167232587393062841 0.461465906507210038 0.89779112142215585732 0.081031078298882267604 0.96294024634898587743 0.69267675300981406317 0.64428404833261690193 0.38869039283494891644 0.91344899297248435978 0.099670844326160796373 0.4416380592551329918
0.94196755282622531312 0.51147303271039082801 0.17612967719162142251 0.25046999900964238837 0.44372714018601560937 0.24061532679147527777 0.53301764115103841471 0.60676480140004062465 0.27013890730039136586 0.44295871079347922555 0.38630829474874893182 0.8722703919677142028 0.1698325958747448893 0.79787170705809210372 0.9398580392187165158 0.35532883931986784478 0.91700204778117210154 0.13749734462753492845 0.42726940312251274179 0.17007366958863978006
0.71372065450505234557 0.79296860049201518242 0.24949159652250613557 0.33090249483242562104 0.11753247426554799663 0.8982020918577851986 0.2097276096113010424 0.48596861743250964206 0.5378798054861606681 0.97390656805784343679 0.26610745549858694177 0.87242736690226719914 0.95820401702941181339 0.52823095159751536288 0.92979663398283981596 0.037390277709794532369 0.67694328875883319008 0.28578673921635286583 0.84748058247209092926 0.76366931240462761243
0.96282860802841591102 0.33715141215474516643 0.84561973669813934542 0.21915365260097052156 0.5256339168554014307 0.57479423808093978626 0.67016993835618123709 0.43834709098792140966 0.37587673518824593979 0.27033048419245649563 0.41690213732450589367 0.73252413144886817983 0.56788921117721467217 0.43279981267331888361 0.63295586237464216561 0.6665371984297047458 0.16246297016305939282 0.12491059347249644122 0.99215440458666585263 0.35331722840226135535
0.75260546394317961425 0.34200914479142613379 0.93758318102841655729 0.40411850149854117566 0.29970051117986439357 0.551552044533741493 0.3727383316908082918 0.17708487213335041848 0.64655326186338315457 0.68263945584833545129 0.54004102690126914137 0.7009258882810732411 0.6131840152279580279 0.7439269435565523144 0.72255000034029302352 0.042692979748489736107 0.52421091841982299354 0.29759218813657954423 0.52432963746743348568 0.79049117750763187761
0.34180735914253516195 0.70832373316986862701 0.75217369889850705826 0.1745501579430033249 0.32482896516852923337 0.98736825026193028576 0.95231840049064260501 0.10356621043682032743 0.10519032099387225627 0.0059310877837886016558 0.45958057301052421874 0.53359564539334703202 0.78260867754197721563 0.68608767855895559645 0.22218807403905442045 0.90255679488914995084 0.012227753961749057623 0.49998958672530744357 0.15577276590559540167 0.28348270033526073487
0.58278406418419524514 0.41123374798099239183 0.28874050879603554867 0.32615493726218150591 0.15283513769935345457 0.31115455919905467231 0.087166025770986254771 0.93221670763982273077 0.83873973281219789085 0.55361646699299167597 0.15056596148951733433 0.48953063806190602684 0.21144530262899293452 0.75477031327729515975 0.62976855523857746172 0.34227789981743358505 0.62822633596729079059 0.022956126594456599218 0.56444896957375747143 0.31575504312517524842
0.19394192287344980764 0.32826307679493832149 0.97233647583692438499 0.17299007448028334773 0.65939044353567852913 0.86410381408655853727 0.11483624066651209038 0.23863968875288690526 0.98293294645849768664 0.7627102320460247584 0.54331718104719500464 0.97959051616657278965 0.81329732306017195212 0.9353121289157938179 0.13439733960680641257 0.52301640543023766373 0.057605292169575200939 0.93019616002347199065 0.38041747672256372978 0.52274889840943622606
0.32929322653321409594 0.67159808779084265591 0.37327059396280155444 0.7272774832864156446 0.88820279551211172035 0.27748192479323168804 0.012771707405938246378 0.10257532540950518976 0.4850907208084814035 0.97917848488217414538 0.78745306816546405842 0.80495360576400289983 0.18303670646910887639 0.49990378814551607241 0.26551313594564099688 0.5644972483819449458 0.78119068110592018012 0.65335831534829442318 0.46870985908989811023 0.65453379434411280117
0.44253578173004082919 0.82803805037450368693 0.41407621288503831247 0.33671576481625132394 0.30304611707334555586 0.90633177767598797133 0.24991710704245392736 0.91505878266718460842 0.287842789548372033 0.14881581517007730147 0.8308385557266257081 0.25036647169956472 0.92924553948513154052 0.1281528359246985058 0.29737583953871832271 0.66165006792962239554 0.33998671705591980451 0.10264049215990168575 0.35251269851286661818 0.61984962898743807525
