100
0.46765664927305645001 0.81670158775590681312 0.81242738924583808759 0.028974884473775732255 0.78180617239315544176 0.70973900012953328685 0.061097682884587226277 0.57392956270692510113 0.56452185309347854418 0.48249762706760113498 0.61623158504958118161 0.76028436377738856794 0.56161352923093764921 0.096480787191717171472 0.60196454497638926491 0.37370676668353803982 0.068190514828847498372 0.31790173550424416862 0.87231238900654903907 0.401706754826650132
0.11636624081447986893 0.097007803308973104459 0.76447485936984676093 0.26009945850915797328 0.035794240329833305859 0.1596653169377958605 0.95951455979743865705 0.75369402616723406622 0.46179133566315109003 0.50303574636510133792 0.5159259504094286143 0.33500908749083811229 0.048072913946888972986 0.016638384853183186738 0.41979778869311838469 0.80722515536890883581 0.9441847971699004839 0.35713165943354388543 0.38595553457030892639 0.059823596124946277976
0.40702389850471040484 0.49863541730252873091 0.11526968771556964045 0.31225907127741213805 0.041019611404248265869 0.96410110304777632079 0.4671090838546540568 0.86339512048848995321 0.40007791587206999005 0.55185283378535880856 0.48244601668776144289 0.24496775090664715748 0.86663144299726513223 0.5834473566232240527 0.8699787992786451218 0.45575470880152015854 0.48908274657610987927 0.6119127972777812978 0.20090303792055297773 0.62316272930702461177
0.1736608385468985708 0.55401595619212360512 0.59396435681281373843 0.41862417633523948339 0.84604491800785103906 0.1310674712269064202 0.81007686672001253243 0.4642002455137043616 0.77739460621907505649 0.93419829373303937787 0.81588144765328175464 0.21634592130005336709 0.97372053232306191831 0.69412493632885413316 0.81626900400843737553 0.19418995968108464928 0.51724870786559638055 0.02374421398333699789 0.29250421397311425638 0.18108210046063636034
0.8188439730324345463 0.86383870800581836672 0.15994253377964283875 0.68757176406976685482 0.33961726737521835592 0.52705763702426830053 0.83267156310199413411 0.21430581443592332458 0.98386750477185732944 0.14303215612039455433 0.024162006739967231673 0.76835104285822710258 0.045103439366289294792 0.3172243393490206599 0.27479674814646728385 0.21809680857235604474 0.059337686627763561946 0.89143783441022305086 0.58731681133480588244 0.55471483338959773324
0.97167049241909713933 0.79163201555925758054 0.72980231042530855625 0.0087084281814100899036 0.11420911013379015801 0.25937303802567804442 0.82665501528410806852 0.18892738335601985228 0.26501166430995442002 0.35861832448869454814 0.60008497092177529145 0.83795575754015942877 0.89571815625430744614 0.54815691949690418638 0.43628500548826515268 0.97705302289723415033 0.91985041554381316982 0.32793502112234080203 0.87668412902742298248 0.87015549817369534339
0.15617147765238361784 0.88680032203160752316 0.02867292978236305514 0.92942788915441714966 0.65542384155004214033 0.34094411766177162132 0.27155271735640310076 0.093971660015780290095 0.6794255268282182576 0.50661271299974099369 0.17074371354278206205 0.35352676410444600286 0.16510599033748717872 0.90354307982167541278 0.17847069941923937619 0.16669572794316434559 0.24405937556855227373 0.76972600844300161652 0.89609178019138879383 0.77827487004955428528
0.0043088601507199837171 0.7769508280030287549 0.95975560923064681619 0.63051943116903452985 0.26832935845727771897 0.47447852574895595719 0.26481058137614113638 0.52351683796474562086 0.55088554037651072179 0.76167291431722130169 0.42116663573293630776 0.37080358261891127234 0.99703707275291056865 0.94748320937479650898 0.88639080616450624224 0.95497219931841055183 0.98402081953904612933 0.51924501113725826727 0.9203509196022334247 0.18862919081336556335
0.30754687868870876118 0.45120349042774195771 0.6176670149702628803 0.92943351552449544948 0.2451966351556182613 0.79197153757374127563 0.96692262307223343437 0.49750911355293955498 0.97650468259929040267 0.45767606367603232094 0.97755001984408498275 0.059910707053543681914 0.8154329747920006456 0.11035425832157618787 0.96900712282508445251 0.55219486624152892259 0.23542150151277675257 0.30413626026447222175 0.30555454701598998296 0.55746833456178428585
0.84952589435905533327 0.98357260372242657999 0.90078852142669587125 0.4741950889255889011 0.67181105024630616756 0.62613000567936308224 0.70397159486987700413 0.2551353591464642712 0.61252394980023630231 0.91109875165560178314 0.62751608209625253816 0.17501846203057810236 0.72856875383722778726 0.77949323415452742298 0.78325472396649950806 0.69481721283394670951 0.17001893578661428195 0.17992063446178364325 0.80565115664728653575 0.22696666099137593814
0.605057027977469539 0.47641405909602253002 0.33561105949435802656 0.084348040073165867132 0.15732442414305991519 0.43148901869356072925 0.44621892201392291983 0.75397312647841374319 0.37913576547829469521 0.59507328906204793733 0.76033599119821653736 0.53381273089391482041 0.8017826542878232468 0.69957763185687629965 0.48476622049784224905 0.34733353985720480991 0.7744574557209904188 0.45843432996094747177 0.39967336376682723352 0.18247946555333758331
0.88694331082939074641 0.053162712106481197925 0.8385911933031285477 0.62221260631567196811 0.017079886406269446594 0.13810881138663489521 0.64514387209473279616 0.19680594079602956498 0.76787227189208753233 0.74852950620999474985 0.59138190943636814397 0.7963247674854396732 0.0037295088890329995386 0.51748213899514969766 0.37228902176886372949 0.96360421504348625361 0.91321889117354497381 0.268721880783535629 0.66063157479854569659 0.97169277569750316066
0.65421247015730142594 0.91671635312276080181 0.66661246526546050087 0.57320977352396756271 0.89161231868995235528 0.11773194017977609168 0.5743274196618099515 0.14783351506617969598 0.65992840044844218987 0.062357200644062947233 0.20864003736650301444 0.62127515235056022109 0.89738581504039163089 0.38884444160174925099 0.57797106602294827653 0.49241516237635973619 0.94654597827838192904 0.202538609735123347 0.86943816188176477951 0.38966198596553267708
0.55719128587437112782 0.046483181968306768145 0.41890458330859175811 0.38635444119046573298 0.34984335661839236479 0.18763791729170261854 0.64042864498219104463 0.46851732430520987618 0.33228159981662828482 0.71431345580961320285 0.44281587948770575482 0.25829941509512079382 0.58010463480788078882 0.79855078635957735977 0.18393817217075076334 0.71085282659231168172 0.36231774890328050364 0.61932209631553894453 0.17815384350570261579 0.63339150149965169675
0.8944469502167270449 0.80271466364366853534 0.50226705807681163113 0.9778321690111051163 0.60523994274802907315 0.47328957607579742864 0.84266482041836160779 0.8641909174403782938 0.77262780719770423428 0.60843689763026761883 0.22199502185293639464 0.912177776547586411 0.55775456181404987698 0.066396519539021363982 0.5174073132978123638 0.96671325392711433144 0.69990253041743211339 0.97039015588083634095 0.67464822538712835589 0.63152283622256219102
0.75782210970858619308 0.44293923125755911709 0.94863759552325639744 0.82476498973607456627 0.95758494573726014957 0.021997163165162951861 0.51998745496015880949 0.19975530636170596731 0.96605813540524336887 0.68582096656699386236 0.43709719869367309579 0.91336475483795537939 0.94669583947688576002 0.81285970934503691803 0.6121839998086794613 0.90418108976671631371 0.77531937520975453137 0.74361034195239090431 0.15427896460701366729 0.975541034517972536
0.54476393652459812383 0.22251390069313046311 0.65147300518945095663 0.658623464835665679 0.5702592596219862944 0.88226436032326234802 0.073069229643735123122 0.70695209426116474642 0.1183762885197765524 0.61781746025350112856 0.24049296729796054787 0.87749668294366237612 0.53133815004604388426 0.43457968564145201988 0.69405278705121015674 0.024096560899469273689 0.98747990996591466221 0.18719184188714849023 0.11927701444565402865 0.12020853923216411779
0.38695312173023573021 0.98147332520277118554 0.86817636666513683583 0.0007536330608891775697 0.57563975106276471391 0.83078320467439725527 0.69038332269046385608 0.38507747098984443422 0.59809457200397434749 0.88067940467534660995 0.49718180586038191685 0.57309690129379230964 0.70024520244129468777 0.75261467840714791819 0.61933771116073574873 0.0068214093535377777868 0.15105019289828482907 0.53700617290988289943 0.2966163007120194511 0.32382425077684688083
0.38883409746797062553 0.85794929202527116111 0.97867428070903438291 0.095610780745558983883 0.87865355551663493184 0.35977542638977055552 0.73474799153171666037 0.40313902333410787319 0.97936305225853813815 0.11543835730234940518 0.70734875044690252315 0.87613308360548335845 0.98129168049944516099 0.19394370537618809411 0.90741317707556839528 0.38876757741487184296 0.66618115632165016658 0.44085227345396145492 0.26428701135151149928 0.90863700316397764213
0.42014222109520002501 0.48946159341861870799 0.3803340286934285277 0.43193922579970132577 0.2755408631991500089 0.86156582752928099572 0.5077349780553329234 0.25370920032974751039 0.31537577629295521393 0.68552531662286670674 0.43613137271240189047 0.0063479618354115668563 0.37055809113021808267 0.26560999988021481136 0.23035678691385368463 0.70074699954718819999 0.51829304475477302566 0.51965591762260207603 0.095870051438842978145 0.48121049355835992492
0.65395100387435375693 0.077117506022767724338 0.42049717878918189018 0.40985121449120815411 0.2153215054966050178 0.13112404089809355051 0.12674791773662971001 0.67981189140228008333 0.034157521856927948456 0.38462304962002068866 0.15472434922632471288 0.56143553816469861839 0.46323898666584774981 0.86931026166486135073 0.082886392392710895628 0.6895665934284469772 0.35096818363537003152 0.099101139534442663609 0.28507963790418278978 0.78760806168644415789
0.081826157872457503165 0.29984082766802271259 0.60094726005656609098 0.83782008598976627663 0.62679418342964899995 0.6973964893710916392 0.21293368652446014073 0.11655754602936192337 0.96673501169308488737 0.83401010664550652245 0.95575991770956203057 0.41590774429893808122 0.075609186746432989576 0.50896063746420826111 0.16770294678198708807 0.35666390317978768557 0.051630124899372654642 0.15178979986477836848 0.96878023431835558768 0.80618475905824853124
0.44582284981617578392 0.67630234243848001441 0.022351274377832890214 0.49656934484353931395 0.48155709020573324249 0.86563466586002546309 0.42920413451231418983 0.31380677518248764412 0.121616169201784769 0.011864976400327059594 0.45140782330252272268 0.15515735633562033769 0.29919858244826249888 0.88843593038630150707 0.89803063459655477966 0.56285801876642386983 0.3200044259100725379 0.35506305542994124583 0.13122966599996871418 0.4626551712827026073
0.96689750488023765694 0.32057737560371418528 0.90882483295225600955 0.48733983933105195748 0.61952746422602448893 0.10022666949327605634 0.6685962024009203584 0.3001772460110304346 0.72459290798621377546 0.52382525661612535728 0.1762864431375888299 0.63195300430355084471 0.64028529433586769216 0.73374086222734606996 0.86096742555290267348 0.10054360328488588317 0.18056323130525174471 0.74552336629022453196 0.052106433705974481579 0.36816693833339393053
0.6538664370041407574 0.84253700307670844293 0.3662324328908658145 0.78551434533069677618 0.1463178539576345063 0.49150912974815365915 0.41694248458305383832 0.51373444529152366666 0.51775717174700878879 0.35494414573980965561 0.18018356640155236729 0.23124908113059956512 0.14874290205614661213 0.60361845687824058101 0.051418077066570822714 0.92549705840117129914 0.97773039684301060303 0.99871690784987747025 0.73608248201041902401 0.036887726276995839374
0.90067834726181166108 0.99087702388368356426 0.065632285599490661546 0.10706128980268618029 0.52888105440395480371 0.50848446284697588977 0.97700643594127729565 0.95757613493551892126 0.39771007721496586375 0.45049771802499928889 0.79270951729343011512 0.19418929616640023713 0.83784770844934679474 0.81690811266954882112 0.34152552213569452105 0.16342226998841311741 0.93539051955088226801 0.34014415078736198657 0.41586878712762358272 0.22900501024971016715
0.60829057968073715819 0.28646687280138404008 0.20767348976629423956 0.98484959363082687439 0.1160525089666519536 0.95025173531727595094 0.176182870382987247 0.10092978765980807805 0.014421965740445517803 0.28977384334687661052 0.07414857242810145272 0.62197427959255308327 0.81439303360184634931 0.79678451867328790376 0.27746994748331389524 0.31976911580459365617 0.32771291661952025188 0.67541411307152017339 0.23631598541305354433 0.16353995504583812483
0.065400344192508369013 0.20977913166168865659 0.32233480859838432658 0.93945589696204946818 0.95588037369236827115 0.54580957211406632465 0.69458076117654311105 0.36213677594045321937 0.62131202642104372787 0.95603216333512019856 0.60368094552520156669 0.27951135314491696617 0.64518580686187485023 0.34747597556761116756 0.4339639994862852766 0.067113897848582310969 0.73289821691854237847 0.60252699885728787501 0.67747890331699614502 0.19391545262180665281
0.48706422006135759829 0.28928455511615268987 0.99976838840618552292 0.4264189160979778331 0.814371362137021012 0.89156606595112655397 0.61940042254285926165 0.044078451055838987344 0.8340033801972055518 0.59431819477886197882 0.88393199889780862992 0.64217501522201405874 0.33858166948359157556 0.86268239534720785906 0.78774861767745760763 0.16708871195371410525 0.91929744092917626435 0.32568539880542016137 0.52490811842416948803 0.02318048007445618503
0.23699988955844980689 0.12538813993209797955 0.6896905023465066807 0.27555298600361468339 0.34617125315547396584 0.56733631550865338308 0.85195894382464716903 0.96858009839225364305 0.71372993597966434169 0.55284926088143882515 0.74623603536226550776 0.44551008441273749251 0.74264192169451435498 0.87753910953419503511 0.68401575593919094716 0.38968449647412645138 0.60118212101726248715 0.76254678440381774206 0.84315860316142263273 0.72291022451129377242
0.35977747130051739304 0.87053650643107605036 0.10460124800609781824 0.63716915361090815663 0.81064567951201949806 0.34833341676628553247 0.7126371588738650445 0.91073373509720675185 0.83830881510858034137 0.17448645037470698812 0.1645720590192659451 0.37500580448763591563 0.84441986754099139273 0.59940805837625105688 0.61012062704873213438 0.85885949605127401811 0.40725163736102610381 0.38123189207546729924 0.93994070571645419078 0.057127455876286855957
0.13718188376149693047 0.20448147121955577486 0.4782061575035498486 0.89439418154531092269 0.47835242035507356091 0.91860594773784249337 0.13824369742648939287 0.85525253949318595171 0.80710676047698771599 0.42992975713764868494 0.77614537008729776594 0.78121583740123045226 0.50560939675835094286 0.18794251366898929268 0.51848711936606972167 0.31698602884122399756 0.53716562695015395833 0.37785117297594898782 0.23267108185854813772 0.12355016206856395556
0.34686174565199168326 0.087332826947444133086 0.86182668662908328515 0.18858822892170516353 0.21952838367217852199 0.58129756323254639294 0.47771297188321468837 0.76685362939410132781 0.070045311624927067906 0.97917568351391335424 0.54851531803201040646 0.11989227937120244138 0.29679887968929370993 0.021509249000475391461 0.86264108314711459083 0.022417844290973847478 0.95479423526041886267 0.029704342924396674231 0.88726081890994354335 0.098393692626298015448
0.1752308684970632176 0.76321112081738192264 0.9569904641904566107 0.65185493391654791118 0.47993191860301906611 0.61726698160225287984 0.63417902573863157864 0.50547434264237513896 0.29566252323980170242 0.68694899007480740875 0.72361094863201410194 0.85544379024326612835 0.34462414630240272207 0.70367106733610337675 0.89856816426185426587 0.35858158792733011187 0.44782868930029595998 0.60594515870906347276 0.31416938582636677027 0.40506743416203064637
0.16857776624084267175 0.91717685422672325671 0.82504001815901165351 0.083433020364265367589 0.82254646721597699752 0.61101050326888590585 0.66968596183569059871 0.65818481935169105719 0.4399784161218956193 0.23977850710244010831 0.43206368164577891065 0.8445933407956030686 0.14998357587740945932 0.99427742375943519457 0.66993337215957324813 0.76253636563925088508 0.86895675447355758664 0.4228830849715744934 0.71666622907475538797 0.45854260431505127892
0.86275375619945417969 0.93781262355720044924 0.40021039683103301529 0.47200517312774079921 0.23029745962951787635 0.073569624026066201682 0.73757910422943639284 0.91597145232124140105 0.059694955559890083255 0.64284361491718168319 0.60459612731774561417 0.74400372822413624063 0.82264824000396212121 0.76340216408088637962 0.69015792623733261641 0.43093444407910185012 0.40759571542884648262 0.90885831482049109675 0.87265793051849419883 0.2491830076082453769
0.7539317745377396818 0.68070006851936359655 0.7960402608130352439 0.96058704233136467724 0.10213206641153707214 0.94841374294668928164 0.15008578138783189537 0.055687529121570086181 0.4738107686369591633 0.58613729724225983945 0.16835392058594249732 0.29811818784728670887 0.68594852553750378121 0.87568722426967464942 0.99260184973397242965 0.88491595815290614825 0.25419255994458152373 0.73864522231184166746 0.1425928557786935239 0.87569701455185978761
0.8132144672302293731 0.21070689787406848885 0.90150958991763153013 0.25965560809317065174 0.43449741467322981596 0.10489157327185445306 0.39963882079311426591 0.19810829175737606198 0.98473804266921604195 0.78163019011597825351 0.88687894032998517086 0.64010367311789463516 0.71782930712413495997 0.089811740343408106842 0.20324558412758256108 0.24451754882397092554 0.2804515845884860982 0.20421092917556073789 0.4709420867342212464 0.5583915142058836704
0.97600069190075531135 0.91184605150339307554 0.77570077910571502998 0.97456439578570539217 0.49269919545004188012 0.48598136319033534972 0.81111578902661090126 0.98065919960161177535 0.67570810769129039021 0.23721184465249882525 0.99167928634201416222 0.18470387738946397147 0.70132233770175650742 0.83463199097762838361 0.51424663980793169059 0.8288485522102107798 0.54539973642050746874 0.36514071498692153681 0.19564500622689260425 0.73548988133232486372
0.40964124787743259057 0.91959254803308915514 0.73693914391106917958 0.383474114445353043 0.021356546890272064363 0.60072743566960885495 0.44522038781051448636 0.62534821552871417116 0.82944645742826678423 0.46477369254703746696 0.96497856185542467677 0.46354830326325825924 0.67716466437203223685 0.4279062148565453581 0.5877235373611391226 0.41088925845106471097 0.20195566635222394401 0.42792193543723193683 0.22782544867578703588 0.14342032927307260878
0.84187540017061361929 0.86242775003891500952 0.29174177878125300722 0.46251837087757241064 0.13366320206320827282 0.17837294834738218896 0.67287320743325168895 0.4813900754838261976 0.8684280817126234341 0.073706169669294351152 0.23480241059436091783 0.52169899019047977364 0.2080214786198484124 0.37027656789093355466 0.65497765496820549143 0.6880386143084877858 0.23010813037619353561 0.88162334538521139581 0.29454199174945269312 0.1568483641482301212
0.38745195590927069981 0.96193144343023559949 0.79013681894495363357 0.81211939411642195756 0.47682042660513208914 0.6823427559490479531 0.64177345683430354342 0.76210049908989813746 0.1967025546090480191 0.73856452917256161598 0.44820396428426141682 0.36844274482235284498 0.43366426079841536613 0.20428097526350965952 0.25224410903878356993 0.47675231688301643497 0.70468120752082384601 0.062463428083574409097 0.27806095581914596818 0.78672792431022932862
0.53190971352186019772 0.88802305650917733769 0.22822879126487617896 0.29533387080705037717 0.74532402180990213193 0.87368800138164170592 0.53544632624805117233 0.91943656368619278971 0.065597340626655012029 0.48560928160582733323 0.10621792458224274585 0.3752110403104351631 0.18642157115842423662 0.72299929700854762156 0.26222993980975795687 0.529786284166764323 0.47186435453876201168 0.6870980990907879797 0.72241915659087201117 0.74716869667876688159
0.83772795483662381371 0.49883842925086995413 0.11927123863728120818 0.8130934037914644272 0.83953879412489140668 0.26413796469014115851 0.58130185901341020966 0.32324601604816025784 0.71892853302699393972 0.37930811402115079931 0.60662671037427457843 0.76464448349390199642 0.50400962031696875428 0.011245351713464684957 0.74679053929000442142 0.45165185445900797486 0.70425151741810449542 0.52084503955054967697 0.3129038676624086778 0.36740413522068367805
0.95874354192811371865 0.27545405409287888752 0.036499572562605939088 0.3213974893001578811 0.20833906454415097224 0.0027448370703163799686 0.3368502417932004746 0.71783470951047279041 0.46618606464021069256 0.42868001514602319395 0.17715660822743823369 0.72215874681405435928 0.75303485611523711618 0.41394619834654794931 0.74743158157036489842 0.15658771146268353768 0.72795214431288070143 0.27873418161279225782 0.29891092451425978557 0.89865632079306277549
0.47652860241587007814 0.41316575124182086426 0.54128414067688328557 0.97332457571868942296 0.7875534599271964312 0.99559221310797708541 0.25831928651502954436 0.70650969827638375508 0.31609407486858608402 0.2527062083910007745 0.24032446892232636472 0.99083422831709145836 0.78912797625257722061 0.54209377316160208557 0.8571626227610276694 0.48437488161581004523 0.95450902298460444799 0.49596883063805695158 0.3381435032875626736 0.58472498695656510427
0.97101822231242233607 0.63940406762782756028 0.95911940533008454326 0.99168454266064985457 0.32144212922285133677 0.45671740004881153418 0.63353783760486353344 0.50241696906283927663 0.80540622790594552325 0.72331519828466972651 0.51592080438563820311 0.59777889377688774855 0.63533288323749939521 0.53878042413827128068 0.41377559451314551006 0.28754614222356483826 0.06767918364854490996 0.68025290530476588971 0.0056303540918426531778 0.47426947251571938417
0.20337293473072858425 0.86094352385416938436 0.44521696629142666716 0.22246577054243159061 0.17996431139606829227 0.78153441577933715952 0.7840031961006806522 0.5999698186798829601 0.45521744817213764638 0.017502855145987733997 0.85375947563251407919 0.55815666962740731146 0.37183017809656660044 0.64335328545418083454 0.13787370188156350539 0.38315281710281291316 0.014573175164873278557 0.94077784242283386872 0.24602889079595721065 0.86936257695409221042
0.90084663005925443425 0.73139617624197173428 0.60098856686776445457 0.68808252376343136201 0.56325754515279979998 0.53298879014655689036 0.13141358126312290997 0.21306480589064931815 0.55921572517355779626 0.1981660675825663477 0.36660455343445562924 0.61514174996744724324 0.99857481342266707109 0.37546802732505243574 0.61721523617072518144 0.64678984431547163699 0.73961204013720560852 0.55792640732150382705 0.6917240059632064673 0.8115954585962788173
0.96272668366496999396 0.079593423994650672323 0.56598811555216335114 0.064309648342569238836 0.74099680546418791806 0.7191521851232944235 0.89068304550719535245 0.61641153518654706503 0.92632190111281763876 0.59909096709545365151 0.49915595338470880029 0.89457824993528962449 0.10517235118522451771 0.92505221595644201727 0.70175494429585258627 0.53379924569071555594 0.040758335639567502069 0.15271413802315484683 0.90863705313583704987 0.4826359641213344427
0.51933298721847683617 0.4566656131478629231 0.28814338666480713761 0.85471828950776043389 0.69868748747510835519 0.31452038773715100908 0.62942395389144883305 0.591033918479694465 0.82022562547778749269 0.26122091290277630183 0.049199985538848438154 0.39293774073164951406 0.78942416888273786349 0.65296295213374339723 0.12835612691142184568 0.73342041234794514977 0.45730916904858226479 0.9012281607159881521 0.59789212928235980241 0.63978980659835269661
0.47916078928748738084 0.38412239935889031997 0.90827673411876286199 0.25556289907776603537 0.047033438828673501458 0.16961274321009428974 0.63822251523053341983 0.44118292481284640473 0.094726151531886196137 0.047254983373503240893 0.071584203379052703889 0.86006652145844266226 0.87154829873943489904 0.67821719962757067975 0.63721908165894297464 0.065270876313004922841 0.17384287302732228476 0.47549850010343215688 0.018890139858690114638 0.92281864679614754874
0.67676057696154831773 0.19729237841615552933 0.080704622856073556067 0.55782342182268743799 0.25095744253699018677 0.24906375792848297072 0.48587238011963225319 0.12749395460534636445 0.70799363468915567257 0.77312955415676067619 0.27963652273206200628 0.99707606595461062876 0.71374329885768438128 0.13062093729914546865 0.18537296840716425912 0.28526700830891540722 0.43812414536015353736 0.79532815269736740961 0.52397070634496434148 0.80286504793913487422
0.3187098606305586167 0.60438632388636287382 0.60754153906497257128 0.48016889918028618159 0.93841160595888728127 0.93816907135732977165 0.1504957070279633648 0.88776299158212705761 0.70695836371174512779 0.58697923957360614741 0.35425937208639769494 0.94807843507479287249 0.178242257373561176 0.77090895244466392554 0.96297647113789237134 0.32968115370393731068 0.16957244054822667576 0.075065736800532689439 0.68352428560791106925 0.61209532272077169098
0.49115764865536521799 0.010186453728625662182 0.022713407169524325369 0.22599233634845855009 0.33718938408835731385 0.054774972920281769361 0.70719906151978575477 0.35619653176516756081 0.21731395234196064525 0.17137536562722291308 0.074784842077114102837 0.13276675361554695438 0.088260672244605952765 0.28751826925959490572 0.41234932051263720702 0.97486901902906909426 0.29193669888922542019 0.67106981182832566962 0.9389406397386575131 0.43119304771695656609
0.34129103756279815238 0.0062353628577440382212 0.31682480643873124344 0.89010111002166143811 0.62690977410373062222 0.48851292462987973736 0.79842441397097609361 0.096616662785139537659 0.70631017392737683946 0.51402753706004313791 0.67961723057870910864 0.63752328438817273265 0.77529366534119566689 0.48913008871668045162 0.16758281465583778135 0.22647014661780931146 0.69891613898137150765 0.94064614063305629029 0.46032412597057032773 0.41558421536566914382
0.24369434412216693035 0.95686086594543328342 0.79488422286090424127 0.20204335073821780197 0.75558403580342604368 0.020437994048945762554 0.99301217341589453978 0.99927996615123898104 0.72413666841307191391 0.74381043334575394968 0.4875764178106385106 0.90461494362702631939 0.40886590410263730952 0.42865298258645542914 0.9518051230199459217 0.68898365743668351079 0.40367041917468704878 0.8425538048981569454 0.23365653893264304362 0.99797259939748858028
0.70208918626980412959 0.4058105802647675955 0.24623086222227505746 0.28103235582965505242 0.75459748396129563719 0.736243816347472134 0.64862062706127676214 0.95182553148271292786 0.84882100059768328978 0.088195461940831942145 0.13385505384176355056 0.32774435314885188333 0.61939520202360253537 0.14997707829217298345 0.0048062447940082017334 0.28677264041210867026 0.85697808381277808612 0.029218408779780188737 0.7079631619447972804 0.90902766870635448088
0.87955676819489787317 0.24162594172124297437 0.40467711631626730246 0.60600011591023111255 0.40544014980538860179 0.062138834170692847222 0.51486337406675676217 0.067536400700764114772 0.68713010137435964454 0.21731408019821538521 0.20952590865412976844 0.083086519037511744263 0.099227222039279178937 0.85823571505722573102 0.26724185997867631149 0.2708339225880463628 0.2359171793619976542 0.13687249338189649866 0.16506504533198950916 0.7143324148934341142
0.067285936109731348486 0.96430322713196938187 0.083629645858370951262 0.51417744518033440382 0.21077066252205579742 0.5366934041698546889 0.97741272235152056584 0.15929351751161016545 0.49663196160117979277 0.76378552049357824512 0.13136530390631942245 0.40932623665773661657 0.38781419011666694655 0.63461523136425785713 0.27175602695576664658 0.33432275620051280445 0.40781395905002989892 0.86417120076941340184 0.71819944500029479941 0.018633088105068212773
0.18227676079563560804 0.90575066779051868949 0.79306421556352298173 0.78526686665179745711 0.72616648912769453503 0.41598146070004496123 0.12541024386736585793 0.62870309412977117746 0.11846228410541874258 0.78261782851927680637 0.98677525332499992029 0.1656356883255685773 0.97780419061570052089 0.65503323126186315748 0.18487013432416757634 0.66628748207482251491 0.61724895008535847241 0.12249885843920492066 0.76887643810190056773 0.37158729681798799969
0.16342567148250572228 0.26955862051614070903 0.030952813994071780648 0.79363388683731949985 0.22266422726418731725 0.027394822407679613851 0.73436794910114839603 0.1400601742373527237 0.68101467334293736006 0.55168744474746706766 0.48668823228516085844 0.21471880610045906171 0.55376203963684978213 0.2910889956525670449 0.75031635656668431244 0.8811704023948177711 0.020351100915126521442 0.41680469697849966603 0.17010246114499435116 0.85703363056102492226
0.43786849036801856345 0.35524792223807463921 0.37159605764562927233 0.071414527534553381321 0.36015249506944557132 0.70663617807826747773 0.039588193554191011261 0.86754108111075817287 0.10588398667968302637 0.18902366151494661654 0.72094803417916615172 0.2329834539127129886 0.22299748740414640762 0.8190018093866792026 0.14778720232078776967 0.4836784148085013023 0.84864609762047571136 0.12015860514652586385 0.82260347050769228532 0.7488081468468697011
0.98066482486462013473 0.25328744921309206717 0.92697546134154944013 0.33968056009832846309 0.32050054141671933993 0.86052682591164594687 0.48591831578853624831 0.070012743261220995034 0.90338317713466028612 0.34322894815840563612 0.63403587621695235948 0.71803772551698843198 0.50244279778415000141 0.99582365935090717032 0.37427009852118131404 0.15031275886377536171 0.87060468154721932946 0.22520092447479777615 0.82066277428167633414 0.27399931084470342086
0.10324080102805886859 0.42103796155744779985 0.92941900070956194293 0.8691884832416096371 0.44597499815899112151 0.96856516857443091851 0.97607407086478006051 0.48859410658296135185 0.68000508006153422653 0.50118083832669510134 0.15216013257396430037 0.216661889312413016 0.33474745446473649121 0.91906194190268274277 0.8418383910584484052 0.15066956378034673862 0.31078832366218749506 0.18652774165285798539 0.52429686172684534986 0.16938993697281327575
0.1428898628499721167 0.32521574871937412388 0.26898098131216120418 0.14461106014864253799 0.47498420619563149679 0.32431997084209014464 0.78937768160486096024 0.18439492890811648559 0.086412307657684638679 0.23569392609305040977 0.25135081312476112122 0.91058680001394873716 0.12612856814560507594 0.21627236530848027019 0.72043763898046082617 0.6493502650418694368 0.11684400706072313805 0.24127819640354443182 0.76746028266497958402 0.071051738124367563583
0.27523876418600643569 0.036489530961530024873 0.23454190009805406464 0.46507293918069548335 0.53080259008828918572 0.6233349772561924867 0.26128687076655924946 0.11855530384923473848 0.23995798829026857973 0.76089732221623980355 0.44940753930616128813 0.75865514520697354198 0.59095170668951328691 0.80394741271063253332 0.56471189935210793783 0.32850278233118062281 0.11633282417346218015 0.099126330849124259694 0.5053948726934408483 0.15387797951866397116
0.98686584551731204324 0.94282809144139750695 0.38667881517490676301 0.53743867171953067823 0.54449727769140239346 0.52978464064108459213 0.24249078831490320136 0.21579748148913879499 0.88987914088167552069 0.56687661141294473692 0.9485642584816292289 0.25220057814059013775 0.77860056278333726327 0.020869209633020822231 0.23959991003625120146 0.70947802100617421493 0.39365638160032628416 0.36728763233889287265 0.28552431761584905624 0.62573468363697457386
0.87257320409767183546 0.50675085464484909457 0.85605349476248993377 0.41460137689735362054 0.8065096304849610592 0.79705193951281032706 0.59520079758861579893 0.48233634644838009847 0.75593600286710015032 0.69341233448799870687 0.17866823541693317609 0.94423666825095012192 0.33079079531307616281 0.5563828105377667697 0.97724749090181515593 0.30501585907319332967 0.19869263392340178273 0.11784199472264609367 0.37325876666744228961 0.052992348817952201459
0.89301789335563955231 0.29487788357886043716 0.78812668476760678623 0.99644080280953167003 0.23032585355253953549 0.33817210815949453999 0.2015302277843581857 0.85467642766370647731 0.22807680866147648005 0.69365470360337543683 0.22108706201783016464 0.20356675065240365625 0.32198157086287947375 0.87077157778516724553 0.5712320711299994088 0.56938154520620425607 0.79870642314324589197 0.54002990670433735713 0.76664843078045742777 0.70589977032331729196
0.3354579793260941391 0.37626812978934749785 0.022171872011739081896 0.2463697959027117614 0.66527857631108237781 0.43157182140119690632 0.63885424474205131741 0.30629820788394069116 0.065287768237315824528 0.81912411898362823281 0.98788079501700340744 0.95595210350212621048 0.99743263458121947374 0.087400653011366502164 0.97005247561088518048 0.3647137887922736484 0.29660895928152970427 0.52073698738348205673 0.95183080259622027998 0.21471959459710388137
0.17029752982244049364 0.96065210509082538196 0.63784584803485122552 0.62743110069132032456 0.041282068548520580895 0.99868134940921703477 0.8117011309011061628 0.75977211736057742824 0.21449350472825959204 0.04927782215990576597 0.57034638346695365436 0.0037291086009057188683 0.27359817130101186949 0.2053183427967289803 0.839350807264996528 0.29559307805725182876 0.89037650980999713302 0.43027224608656226487 0.38889794726078950242 0.13668151376497403424
0.10154962368081169223 0.81896373630393569761 0.052912487123678775952 0.11122335199556307163 0.93124669844148162792 0.034254482167465807277 0.54984116140986464855 0.52812589936980668765 0.99716504658959834081 0.45499116125969108404 0.75873702541833174131 0.88545117241221743212 0.88473978556248738858 0.66916039965176940936 0.24723313992489380351 0.8133969054552398239 0.65637589311361160073 0.63691645389168054199 0.15663207027646762704 0.99795145050998935516
0.1187553126378279978 0.35454268529062495433 0.8702618250395715885 0.15133186405423512883 0.84725681013360287102 0.84750729250333264951 0.2113902187581246644 0.16747684065917790473 0.25414782268416479585 0.2182612695556938065 0.55957150302255106452 0.5084104630149892128 0.47042971844629415725 0.074992246831442091102 0.26650511929842725129 0.66379702491335664953 0.46619463281278105467 0.81899557570806511274 0.62783354242800901152 0.52237929445196124825
0.10743062111463594729 0.18867733773771298888 0.45247285871236328687 0.15629476588118596349 0.99748852917446941967 0.99033100300036831928 0.63353803338620841778 0.54936776108784141629 0.5282172530934170982 0.71087067228667056684 0.96572737149752507053 0.38420759913709574943 0.35148621816830868795 0.019874884147472007421 0.94875881749605367113 0.15816279950813520277 0.93036376154065568509 0.85439850174525589909 0.47107654091353810469 0.90269305846987748452
0.59680944479123694633 0.32918421741021083426 0.26996547092834996079 0.42350805823879967334 0.97708405737282018853 0.91564514592950003958 0.7637162767893338941 0.94874427390800110323 0.99335756852464606099 0.76345861833277526973 0.83370589407816726387 0.19803368087584463729 0.7938818743620269513 0.8672668116905941842 0.015068128128386514063 0.57146000839622989898 0.21131311188995761903 0.60433781432527652866 0.2765533201293347431 0.901102960426763227
0.70594697296806383695 0.4207768227297339587 0.28704893847772061666 0.08501050009099451652 0.099904304644470740861 0.89871596021567544334 0.57515938712728534462 0.96851536511219541976 0.65927100167808483236 0.49093942524714828847 0.80572123588955085917 0.92458400775490100828 0.38680129488304037556 0.90975282325152687817 0.17742342293011385395 0.26789995681175346931 0.85692110425642496996 0.59028463791159175 0.81381237597235744257 0.67879078240722522759
0.48277825236404037619 0.50626730128788445431 0.75387155919691014938 0.12813319844464235388 0.13635374590757629558 0.52838870387640592466 0.37442709716571692408 0.54786617777000280364 0.77880097962755429487 0.85140198071451392509 0.50442750240885946271 0.7021658575507324563 0.87279495449645293464 0.76097566316213793793 0.64078708533830827307 0.6334196974201257665 0.31997132665210978965 0.47088364628688599939 0.92983296515367322346 0.23728463608330308216
0.5966104811480228719 0.90941389004686240614 0.48962735129828868509 0.37604488684415682942 0.21519044784272588227 0.22267322666483859556 0.90017490116102207498 0.59231000389766788323 0.05371362833712421919 0.31975839832251573916 0.72595113810633084262 0.51074563919278246851 0.58830992734935037256 0.31087117487172839656 0.22674663248062530533 0.11901362129770600107 0.85242799533610898849 0.9764271363110569147 0.80802688021021061733 0.33814921329231919112
0.48531375139657522094 0.2756699293437547178 0.84791518828180698292 0.38717680444963369519 0.5771616248322164166 0.59497270417075625692 0.029827286017881969073 0.99028046392889083308 0.39059711696061754483 0.90090283728178671636 0.68602326051352598293 0.31702354634927154895 0.54716673198330039233 0.32241098025939108132 0.1776898238641824694 0.57073409635089745047 0.77341110180970736726 0.92904909444781965836 0.41052420775210096134 0.70003691142175338897
0.92348603173048574987 0.69207875705643379061 0.46600706235207608162 0.99394603636021081511 0.98792439111449801517 0.74959122763094267205 0.87996873117597437629 0.40747857185610080399 0.74903086540153864924 0.66397933552069356069 0.75294022353789596041 0.97377204300761805843 0.7151299618631634136 0.34281584671882344784 0.37856253889936384498 0.033211581411156635595 0.65852525529886180575 0.050356138572529512564 0.17288136651931975681 0.47691611585767690708
0.92235944094007621082 0.62755687983272850791 0.061123138950697695191 0.76759736200886514426 0.40411006419343438304 0.36225636642242860382 0.80385886186294592837 0.025291720558456852388 0.26601530971492960795 0.25577444726413491868 0.86646407385574949231 0.35518680474328689889 0.42030676390284488772 0.58128340811380066206 0.29536253188654283105 0.76992774025829092814 0.58221256870513649512 0.75702280859623886949 0.84701293264288148531 0.77389859467055623451
0.34249599224353747672 0.80496231903282343428 0.97280175234476632832 0.077259442165100187432 0.56488407674774776274 0.77048120928387601482 0.72187487241090901298 0.74070313542398739937 0.96479641748087541919 0.15978776622846050851 0.83947556607554134063 0.81090131656469134055 0.06821449424524888205 0.08579442385764025821 0.36699787565982392161 0.68640637265988954451 0.93556869164458233013 0.52922245763815737679 0.72903392094747370366 0.046996230672145263279
0.65924929187366066249 0.31978884979703977611 0.56236535552808228523 0.81884342211000742107 0.15298748489803368276 0.94245481889109045971 0.58153582404043837863 0.20426655975780105812 0.67000133123640883434 0.038832499522973305318 0.38370408190800802111 0.43442659925939837098 0.23461632939322226739 0.32705832832590176016 0.48091494257582120901 0.76129940489462589591 0.79290285086934553645 0.56321576924721133376 0.794252677162035393 0.64366080698189636678
0.40782329613363986959 0.93222728244254002804 0.44611012133657963248 0.14151074495884390336 0.77805558244882239551 0.87550455436256718547 0.25321357689586750377 0.80855415331093247162 0.98922831187170127563 0.52882479267200243299 0.80511478329825794914 0.042783804832741647813 0.40294071630590182556 0.20744414522111313061 0.52194916225183426956 0.3594903297855104315 0.86579693792765327701 0.059018035290842180357 0.63928765755757978919 0.72262886018075664422
0.15625174473803214362 0.24946123584435166571 0.23703757361907241383 0.86266385150864545163 0.10347582508739804335 0.260718532701682954 0.97846008463338805268 0.91033432330738635557 0.76082046104222399792 0.31545131749221946805 0.72218646879562542918 0.25514864652209589559 0.99156756202108927773 0.89081704752646691215 0.038073094314663574419 0.71237847051099164811 0.24414622622262189411 0.41528996667811808271 0.8149683134245180368 0.0019664332781558660317
0.43588269740768197872 0.40028615509875591072 0.0047370092918848996926 0.80323661166063549025 0.88936930311894687507 0.81545268161586561574 0.79177118465836869674 0.94580241447399695555 0.58916600692021522874 0.17385604851925732476 0.23311154540674492212 0.78899427008546838485 0.39536443653901381132 0.53574987119765001329 0.64937373334565207805 0.28067640295523866808 0.56354386266236644224 0.91950408098809519042 0.47743188949474483715 0.23801791583304153955
0.29379706729780208797 0.58217737971391060771 0.48635444949075617809 0.30748594306966316311 0.59368269285891667105 0.86069437265909366086 0.63718735441652542267 0.079447317910965217585 0.55754386431535070217 0.32011813801060182995 0.60655877022430897561 0.57860439805761584902 0.84893346770089179695 0.27250598514348330667 0.94004296632336953137 0.50019264593106511468 0.6127323312578074823 0.14605166069953749876 0.54647087504514565498 0.4829919029526429776
0.5736561056037716029 0.018218491349913095746 0.95753077334234671855 0.20938262510167503358 0.67803518370305669626 0.21695130866999084247 0.010179750019148450563 0.13633826120936959304 0.073803374993482635715 0.54681669317103786637 0.76170737430680574904 0.4635899232096781783 0.47648961663771907438 0.6493052831284376171 0.93886499004428216751 0.16426098278821911085 0.5361794281064292322 0.09468829857659844543 0.54291172771661761501 0.0097528977625668792804
0.77641950843170242074 0.035197241094162234204 0.46280209963625366872 0.99909959160736686696 0.045697419187638546384 0.59415359814592145484 0.33025384343683569099 0.89051437760572053762 0.8502891303118178138 0.92365819973969469402 0.64757997094506454582 0.83705461480129297777 0.4755390331408241672 0.75115244180005802323 0.045369587474273745289 0.62637601757691843213 0.74615486166801522683 0.76627071459208909458 0.096013494483232008129 0.8347080900767608802
0.14741956882730747179 0.50943171605589322861 0.018438603555614068341 0.24547555683466911987 0.68477421143844603154 0.43698653474060340204 0.43984879321482644662 0.8215624981545601018 0.82269684262637636214 0.13908642361399403616 0.54877679903402268405 0.80441850660243551901 0.48671389774913699901 0.47722379401596591808 0.40480198458619222644 0.70330400224236456818 0.85852931314578850218 0.80894853049172812216 0.17713856175088686288 0.69616800624767918355
0.89709319926784550695 0.5087022737038804194 0.56069468906636295465 0.25364340720430047832 0.10648828368293354878 0.45860026800921964972 0.15264830585274056249 0.022639348541533160222 0.70839910333583048385 0.14632098393495783468 0.97915713840233497254 0.44703792715634738298 0.94920878137894636834 0.24371383756034045601 0.26609603724969285265 0.25790117149813236903 0.042606325042374861879 0.20190690744280166756 0.57343604506148706721 0.64093909008753131759
0.019580952154321649473 0.13003097234947511588 0.35080378355858004273 0.13019462220891914043 0.21131590615773106597 0.88320071356869838281 0.25643257882092854405 0.93408392274102927948 0.83314153797366270326 0.3946020030383592774 0.82746079671345862432 0.16598499727930316616 0.74054318953385584481 0.50838561252086013635 0.10350253363234716088 0.10762191585736070117 0.19773143038843904034 0.98628492161371422367 0.70323048316409216273 0.10327954896351696109
0.75029011354074330191 0.43032122704500681788 0.27860567389458765013 0.83581448188119420183 0.017699290789597524581 0.087979875050005534409 0.70437914918100858613 0.3864057899925641833 0.71285743017182109476 0.33291882719009071478 0.75491156202744726724 0.20928202508298126769 0.75991646880157362161 0.28563144993316140355 0.98733614120563551722 0.078309819210317972694 0.96575039958250247793 0.30440343486038052586 0.050332376789377815569 0.57116088675928880042
0.57995651800409552185 0.16304821914991651159 0.62179511078887892924 0.18260483966387501819 0.67827680328581713197 0.72927473745171107316 0.87875046486378685998 0.36136068563544623437 0.23156582631323595795 0.85706911239942399841 0.12887294081321471845 0.61592249593548793529 0.42819425367402985563 0.17947637015544602983 0.89779222197390191131 0.55687639564924935458 0.7690171066877022899 0.071239355387311033914 0.26399870252072390786 0.16659845629741853329
0.45996303096924021282 0.61123554659203863061 0.2214449252301568758 0.78298282990346366913 0.57450086576873014843 0.84324992383920179846 0.94541163853604395247 0.95371972182083902917 0.43910409985861882491 0.8922670622648034511 0.18644940071362889577 0.49140742596383399311 0.46900165901241022058 0.30615072914319601426 0.0062885262631542452054 0.45319336686760382845 0.85550940353991720072 0.95573632565415814037 0.41861959655471227525 0.75072658939833592011
0.12518786056236099277 0.38994713377790334269 0.4523482928090345328 0.092433419708907206872 0.92325453040264487427 0.16336845957484336231 0.91216213560634926784 0.63485818159049276074 0.9454296757927753945 0.29849041655941146859 0.85326608046134208292 0.90486243431504268187 0.54634860162703723389 0.22358389262726873278 0.88248704409776217129 0.55101417091600628944 0.77273855731259849544 0.69888692204861304448 0.74648955726272776167 0.4010962637208898338
0.98542974704895634568 0.93140913854759604294 0.09977502228928460744 0.6158630532420195656 0.95920567061697766637 0.89635833794238897856 0.57941672531115819841 0.8867469934275941657 0.6100258105569961612 0.20408768541132576893 0.30926777185050457829 0.065237698064897680706 0.22151925264438677651 0.91470748655578720668 0.72645246904007292342 0.074147767967624278343 0.651701445263926307 0.73208925465608631412 0.015668195683891577533 0.1597211180242001107
0.14240026271651416386 0.032357170588587433986 0.8307604957147262405 0.37635444166615324819 0.067108002744463853722 0.80482905396734077681 0.30730204063592993317 0.32768018111935280542 0.89113944367414489703 0.49105232094332340885 0.25584979661601878561 0.67910179420542672688 0.752929749258292948 0.26086115349159902605 0.91806201858986307123 0.05514558839513372451 0.81114703018301153659 0.98424841476197278838 0.90103751722747692883 0.78065920779942115596
0.23614538329336194497 0.81139974779026005018 0.28679700952745418438 0.88201118045354267872 0.0016280236755268914588 0.041068328080377183398 0.64699402699766340969 0.17189120081371984678 0.64178441612191504346 0.72498905695904797606 0.26327220413079907211 0.042938498594083824255 0.38908189048574279062 0.53346783887629462326 0.72821352064776918508 0.85583531109379535137 0.31605650492050633385 0.24890324852476610926 0.025057772704716255803 0.48937309443140323607
