10
0.85634750867051114638 0.53543900198996696499 0.97332262519507395404 0.091521043419161100579 0.098191557147952945417 0.50885618814059343281 0.37228080121997697956 0.42926333218573369286 0.013197938115878783444 0.46337658953319241001 0.12480643246127226368 0.56321682410800937013 0.34741381913925459306 0.17181764944513246949 0.29150186643111373048 0.4538099304381791131 0.069397922184318599299 0.64244216667081185181 0.52655832960417528498 0.46264131057663823189
0.90486537102129300483 0.83715997810040738769 0.79847392142457122963 0.061405536079853292961 0.66629344155600612098 0.3067941217299543495 0.23627121168194440147 0.25771896056292191082 0.13889471164896925352 0.49080359272330232896 0.30958145537181009049 0.64006983497136926779 0.24620164196699816989 0.90927632303052965008 0.83087750650714067721 0.88498405253188883353 0.45755328949667982305 0.31499689734308263515 0.0029318728740932605264 0.4707138427652086615
0.54909501355320813328 0.47113633006152546092 0.36598464927251866491 0.12635189597230389027 0.82453129085359495106 0.303242905735603011 0.27443189559424931585 0.089667593747672373584 0.7486956249976083385 0.060072920672897339169 0.84733242361814685851 0.99941552455739878061 0.11775936402766982704 0.24207773600155220103 0.51019954690469992493 0.080927718549948770329 0.1283959675246654618 0.45880294274672949893 0.9467735369754668531 0.66042273465128523727
0.53502554879117814502 0.52784650594888731515 0.94041144134274474509 0.20860135499072239237 0.78357096275768367539 0.96835688593103633545 0.39572152789698369208 0.62775761277308439516 0.19513103226173122902 0.24717734768640148936 0.73526941398623395663 0.94804338310150791425 0.32287013403950284352 0.0046683865827252754317 0.95353970322560161317 0.80648077068286652599 0.88390593142722051495 0.54697783288067661098 0.54265737340128486553 0.065585190764492734658
0.60681162922904791681 0.059410316697771156408 0.1381953990988743594 0.31530611783899619821 0.33685909331871146592 0.45985345589277552033 0.18044361244159996425 0.86514549793723464219 0.12168725410235234542 0.087307087535210923829 0.89869896701684198802 0.64835483107002741924 0.6330220608810482403 0.62878758629823661754 0.59951362385737673813 0.72765242987035949791 0.44269857919580504551 0.82656939460377611129 0.3380035835424959739 0.37115285694769285899
0.7359745910892053557 0.050198771065678137295 0.042733960062590788651 0.87316781212486094911 0.64855544417614403098 0.0093954530832714002538 0.90575854645811213704 0.74476831501094450174 0.86706560591692050793 0.1631560512553375744 0.0049887110497215946285 0.079127648429075580811 0.12831535634267563406 0.34697520428883089699 0.38562008433297455907 0.019805637707479493731 0.099762840498513543036 0.50705752832180365141 0.28545438456475087093 0.53039500094958711264
0.82317230243419370502 0.049098185229978145495 0.63407610948605301393 0.1674620838447136511 0.98165552395547950868 0.9826410691366523332 0.55370652577146626345 0.18494848468446096015 0.30185568574203728545 0.017070551750863165207 0.21550893055262745608 0.84781325818995928754 0.79826332176025821953 0.2421234362366286966 0.60781333395890702677 0.18120904260237336904 0.80910419738098854976 0.14501912098531496558 0.35859881760480074507 0.75677699219106741094
0.77871018464246241094 0.36468857276989416488 0.15335863974204128486 0.099835496151289826775 0.71998571491880563396 0.37595164398110752292 0.8861045361456870582 0.63362770709000275604 0.45855433916084342667 0.49466652734978325203 0.63833388141352992651 0.51213910000650049388 0.28938567077325498181 0.64448155890286479367 0.39577483883417171717 0.71629057161763229995 0.82240493122487508281 0.332253128798799154 0.22245530802548762838 0.99067343873801223076
0.41885622890580862871 0.063882581673247809304 0.6406429231266024929 0.4289315246447425167 0.97962071186623335308 0.44061507789428540127 0.16335861242820367542 0.29058461859339736601 0.044366869981683723645 0.24113391697876098845 0.60297176873275457786 0.12083882085988861268 0.28595127830887173958 0.23098228911935052846 0.63777356424533034409 0.42090922794678388788 0.64839119202739621734 0.49317340748617607797 0.54598261782245013506 0.14601165060355082351
0.24068330461063798569 0.79535159021769608474 0.6840512653156377138 0.77780186393649518995 0.76502172275609069357 0.54225166824395936159 0.62415772300771424428 0.36508808057465494656 0.56461775099044118518 0.57896468765101553064 0.72775639761893853803 0.3948262254834247392 0.80868645598040948699 0.1676166115597592782 0.66916961287939314616 0.52940553121083648992 0.94692970752802901923 0.38748531956885333768 0.74557749491492833791 0.14300586640147419496
