10
0.80206369094828980641 0.41320596529271485294 0.033484707378774432882 0.33477445462236581606 0.36408402404524382704 0.40126440148599967344 0.85875043765968714008 0.89677628888677865391 0.22423844607684936218 0.25347940000504624988 0.41859168786920495162 0.94441183240545997627 0.78605447134709346919 0.60861745425551501805 0.80023131757246201051 0.9408907673402084204 0.84692505526958292698 0.27089334920274272525 0.30859231664822901986 0.61919863662399837821
0.13995042409641772675 0.50574063018995999515 0.36476765517223466365 0.99232473907883939318 0.14884014708279085865 0.7749666285470359094 0.33112812948142494781 0.48523572152313402471 0.89609539195850152344 0.44895719175351332458 0.50643583579456845768 0.22801505159178294405 0.66882437770163200632 0.36588912075791001782 0.74046140964140713485 0.14359865579174876341 0.17051081281719110601 0.42616125201618159014 0.67588772242097628669 0.53236634512428135087
0.57143045885155506947 0.11672792967341861424 0.99625072688043227989 0.67360105610780424254 0.28792648229501412757 0.24955071772910597213 0.91738440487013907053 0.51026351258528299538 0.70600485614850460258 0.47428539983001505564 0.7022613782611502803 0.055830398265620406631 0.55874300972375451119 0.055345863087103555026 0.64547307424059919564 0.42360480827774976047 0.65004093787849031086 0.1153037420838358047 0.31412866320429958742 0.27527925053245852922
0.71210424589118966624 0.41834539773765295231 0.064872715456973560134 0.18955928625445629438 0.23240306201448257664 0.57693586448094957635 0.66404808812486460797 0.58263459900737102142 0.44798260066551672437 0.1793723106736800708 0.40923443186574637244 0.72365376556137830022 0.92107266171145064346 0.94004411486550335512 0.36949324258251515428 0.19561889443605493438 0.54775185135086696585 0.11573873051316772512 0.74991692983848838382 0.50330231116347806842
0.49704509449626205718 0.0042858358116421552781 0.74301430911480592114 0.24137325374229452827 0.73250978128962652541 0.10710171468636314252 0.30838306833975180692 0.88257049179776971974 0.63921855335577587538 0.47979291870126574408 0.14736710637169240709 0.47175100868506564706 0.091588286380833888061 0.047620900962554765085 0.60753996381698470344 0.77927816638543211602 0.76340964447229281084 0.50203135307312682568 0.18617305966225413207 0.53348730069679444951
0.78163471333203834849 0.75172569596334818911 0.45383515212767407501 0.75354570897580773161 0.21813747286348373429 0.41844879261192433713 0.3595688460231278588 0.38522204282908420974 0.83395297588052689494 0.27806301693187915162 0.91396582726775828703 0.041127682452553665049 0.9960856844567976466 0.1738097671150161542 0.59094253012438319807 0.013060826661524243143 0.70674067641021668849 0.26243057195437083173 0.70492502572677231536 0.056799469518066936192
0.291727060401102899 0.4964547646472566356 0.24313916690968397858 0.057254408959987355303 0.67896746542575423384 0.56537688895671082289 0.53763001122205188783 0.84260736404455474733 0.91135721750201386824 0.61069924863085693661 0.080602494435190724447 0.018251873391542238249 0.59165231556841453423 0.56238244424067630978 0.32220905379161216377 0.85851195054943808425 0.19183281486989248979 0.9739258235612424622 0.11569809614864588613 0.93207532635525088363
0.59674427507171537552 0.40868562419454083435 0.54019399406113335736 0.90330076192721812326 0.67122651963205895849 0.1626098538196842899 0.70008108782591679093 0.0046824408299772383112 0.1156208904548070961 0.16839667210339137913 0.45915758556010395869 0.91556489656586326171 0.93275124815380620696 0.45226366798819204394 0.33827901861152940411 0.96888833176512967999 0.59434555991700178002 0.4900397287652566192 0.25086953474017710585 0.44131349421275443214
0.50298947339725141631 0.13102217762745474482 0.90728379059152502778 0.43985005573761774979 0.48769063641914290431 0.13516060745477402421 0.6304306333624029099 0.28062642093841017683 0.11891439752993728364 0.22663957287133391748 0.66105227769090335696 0.34283748598841621126 0.66264134417340330097 0.70303483963605070131 0.34168416171672423012 0.44137081324653889999 0.084245164616600405052 0.94633396054757118156 0.46064558411858394889 0.58624305979114513167
0.79104714093191259296 0.9453349285673542151 0.59273176946772271415 0.033046198353718283928 0.98619163674018601247 0.68644025872001581919 0.88716340140181384821 0.84923359201512770353 0.46490607854789628976 0.94241908963604654423 0.0099034054050595371802 0.24203433855029581328 0.51068450730394881885 0.66701062046118946827 0.75515396247879723786 0.14169525193989879761 0.66098229221966757648 0.096346618572990948498 0.16889158073745153606 0.37251765614871672953
