
0.103
0.119
0.103

0.018
0.017
0.017

0.017
0.016
0.018

0.017
0.016
0.018

0.018
0.017
0.016

0.017
0.016
0.018

0.018
0.018
0.017

0.016
0.017
0.015

0.019
0.017
0.018

0.017
0.016
0.018

0.025
0.034
0.041

0.025
0.033
0.044

0.023
0.034
0.044

0.026
0.032
0.043

0.024
0.036
0.050

0.027
0.033
0.044

0.026
0.034
0.046

0.025
0.034
0.042

0.027
0.035
0.046

0.026
0.034
0.044

0.455
0.551
1.493

0.447
0.554
1.697

0.486
0.633
1.579

0.444
0.617
1.533

0.467
0.549
1.583

0.494
0.602
1.517

0.469
0.568
1.597

0.467
0.559
1.510

0.460
0.559
1.539

0.465
0.565
1.479

