
0.014
0.021
0.019

0.012
0.018
0.018

0.013
0.018
0.018

0.013
0.020
0.019

0.014
0.018
0.018

0.012
0.020
0.022

0.013
0.019
0.020

0.012
0.019
0.019

0.013
0.020
0.018

0.012
0.020
0.019

0.014
0.023
0.024

0.015
0.021
0.024

0.015
0.022
0.036

0.021
0.023
0.023

0.015
0.025
0.023

0.014
0.023
0.023

0.013
0.024
0.022

0.014
0.024
0.022

0.014
0.022
0.025

0.013
0.023
0.026

0.030
0.147
0.104

0.035
0.166
0.106

0.033
0.135
0.097

0.034
0.138
0.093

0.035
0.141
0.099

0.033
0.154
0.114

0.034
0.156
0.095

0.035
0.137
0.103

0.030
0.133
0.094

0.035
0.135
0.097

0.268
4.544
2.089

0.265
4.601
2.179

0.260
4.380
2.016

0.265
5.188
2.250

0.279
5.070
2.264

0.283
5.114
2.130

0.269
4.605
2.082

0.263
4.574
2.049

0.284
4.554
2.120

0.246
4.436
2.102

3.439
211.185
141.535

3.114
204.679
149.555

3.000
216.669
143.467

3.263
214.489
139.062

3.038
222.984
149.873

3.284
213.194
143.787

3.037
211.781
143.182

3.150
208.463
145.169

2.931
208.143
142.542

3.244
208.539
144.916

